,dataset,missingness,method,MinMAE,AvgMAE,PercentBias,CoverageRate,W_train,W_test,MeanVariance,MeanMAD,MedianMAD,R2_imp,F1_imp,time,R2_lin,F1_lin,R2_linboost,F1_linboost,R2_tree,F1_tree,R2_treeboost,F1_treeboost
0,iris,MCAR(0.2),forest_diffusion_nt51_ycond,0.04118531871,0.09685042793,0.0,0.0,0.0704249398,0.2377760533,0.00632,0.286,0.2631815346,0.0,0.9663669502,12.1,0.0,0.9754716758,0.0,0.9532399247,0.0,0.9745896728,0.0,0.9621665274
1,iris,MCAR(0.2),forest_diffusion_repaint_nt51_ycond,0.04614560975,0.09489011886,0.0,0.0,0.06854555692,0.2383996232,0.0049,0.258,0.237,0.0,0.9711321363,31.2,0.0,0.9799498747,0.0,0.9504433321,0.0,0.9808409914,0.0,0.973294347
2,wine,MCAR(0.2),forest_diffusion_nt51_ycond,0.08456474269,0.1286900021,0.0,0.0,0.3478613482,1.433549978,0.00599,0.287,0.263,0.0,0.9437951688,76.54758334,0.0,0.9453502374,0.0,0.8557849517,0.0,0.9941465712,0.0,0.9798989149
3,wine,MCAR(0.2),forest_diffusion_repaint_nt51_ycond,0.08514083328,0.127183519,0.0,0.0,0.3437589799,1.430058248,0.00518,0.264,0.242,0.0,0.9587879857,146.9700301,0.0,0.9453140976,0.0,0.9134709326,0.0,0.997945679,0.0,0.9784212335
4,parkinsons,MCAR(0.2),forest_diffusion_nt51_ycond,0.05222373522,0.08434412818,0.0,0.0,0.3794638081,1.71943323,0.005256669555,0.2343266429,0.213,0.0,0.7987704681,152.0443585,0.0,0.7168056146,0.0,0.7920876053,0.0,0.8334966838,0.0,0.8526919688
5,parkinsons,MCAR(0.2),forest_diffusion_repaint_nt51_ycond,0.04921373443,0.0774917376,0.0,0.0,0.3484575669,1.713306505,0.004353962475,0.2154554269,0.197,0.0,0.7960900007,240.1886897,0.0,0.7221836503,0.0,0.8090259491,0.0,0.8365785306,0.0,0.8165718726
6,climate_model_crashes,MCAR(0.2),forest_diffusion_nt51_ycond,0.2022652833,0.3005065538,0.0,0.0,1.083655725,3.806076265,0.03377994307,0.7446359445,0.682,0.0,0.7438395893,127.7329698,0.0,0.8485241559,0.0,0.7742367122,0.0,0.5456181493,0.0,0.8069793398
7,climate_model_crashes,MCAR(0.2),forest_diffusion_repaint_nt51_ycond,0.2093401104,0.3000293312,0.0,0.0,1.08189047,3.815143542,0.02924541013,0.6782832961,0.62,0.0,0.7503537959,199.1212173,0.0,0.8520275227,0.0,0.7888328165,0.0,0.5490260425,0.0,0.8115288017
8,concrete_compression,MCAR(0.2),forest_diffusion_nt51_ycond,0.04714333736,0.1410316279,184.4693937,0.1333333333,0.2049373815,0.5493410993,0.02,0.499,0.437,0.7451938373,0.0,29.43625212,0.556948017,0.0,0.7191069363,0.0,0.8614110643,0.0,0.8433093316,0.0
9,concrete_compression,MCAR(0.2),forest_diffusion_repaint_nt51_ycond,0.04247555389,0.1177489666,145.7735885,0.1851851852,0.1729090882,0.5350323413,0.015,0.412,0.36,0.7518865706,0.0,51.90998014,0.5620533229,0.0,0.7290868293,0.0,0.8627741201,0.0,0.8536320101,0.0
10,yacht_hydrodynamics,MCAR(0.2),forest_diffusion_nt51_ycond,0.06899338581,0.2139398813,90.64828243,0.6857142857,0.2094791936,0.5540452173,0.0395,0.725,0.629,0.8784496042,0.0,11.6,0.5891868429,0.0,0.9559951321,0.0,0.9904663858,0.0,0.9781500558,0.0
11,yacht_hydrodynamics,MCAR(0.2),forest_diffusion_repaint_nt51_ycond,0.06106825989,0.1860481634,133.0238377,0.8,0.1753078967,0.5379589054,0.0319,0.596,0.52,0.8846142743,0.0,25.2,0.5926378148,0.0,0.9720042329,0.0,0.9904551616,0.0,0.9833598878,0.0
12,airfoil_self_noise,MCAR(0.2),forest_diffusion_nt51_ycond,0.06118346593,0.2103481853,13.65467898,0.5555555556,0.1155836649,0.2697528958,0.0441,0.727,0.65,0.7031274269,0.0,18.56426541,0.5009246503,0.0,0.5880474405,0.0,0.8615364326,0.0,0.8620011843,0.0
13,airfoil_self_noise,MCAR(0.2),forest_diffusion_repaint_nt51_ycond,0.0568438898,0.1951682376,8.399453067,0.8,0.1046852491,0.2656069117,0.0414,0.684,0.609,0.7124480584,0.0,34.17748237,0.5062740074,0.0,0.603994065,0.0,0.8687092059,0.0,0.8708149554,0.0
14,connectionist_bench_sonar,MCAR(0.2),forest_diffusion_nt51_ycond,0.1040511547,0.1288579748,0.0,0.0,1.55515536,8.526122198,0.005930250006,0.283161426,0.261,0.0,0.7948874043,1068.029009,0.0,0.7382612586,0.0,0.797008437,0.0,0.8138917911,0.0,0.8303881307
15,connectionist_bench_sonar,MCAR(0.2),forest_diffusion_repaint_nt51_ycond,0.09993373396,0.1214416158,0.0,0.0,1.465660207,8.486584013,0.004741674855,0.2572057989,0.238,0.0,0.7900615446,1345.262882,0.0,0.7000673649,0.0,0.7984215882,0.0,0.8188607324,0.0,0.8428964928
16,ionosphere,MCAR(0.2),forest_diffusion_nt51_ycond,0.09376306538,0.1327796374,0.0,0.0,0.8790073412,4.432874921,0.01362608501,0.3393387266,0.3,0.0,0.8974592017,388.1333276,0.0,0.8386564539,0.0,0.907431109,0.0,0.9310337863,0.0,0.9127154575
17,ionosphere,MCAR(0.2),forest_diffusion_repaint_nt51_ycond,0.09141356443,0.1237953338,0.0,0.0,0.8191026357,4.400171725,0.009544637253,0.2758742617,0.244,0.0,0.8967683281,540.1111596,0.0,0.8295210141,0.0,0.9088090905,0.0,0.9319732756,0.0,0.9167699321
18,qsar_biodegradation,MCAR(0.2),forest_diffusion_nt51_ycond,0.02649961307,0.04597967036,0.0,0.0,0.3773007969,1.464904024,0.00403,0.147,0.125,0.0,0.8470376558,768.0948685,0.0,0.8443719313,0.0,0.8388868006,0.0,0.8539027643,0.0,0.8509891269
19,qsar_biodegradation,MCAR(0.2),forest_diffusion_repaint_nt51_ycond,0.02543953815,0.04329413699,0.0,0.0,0.3554270144,1.452896128,0.00357,0.138,0.118,0.0,0.8466590098,978.4174353,0.0,0.8475716511,0.0,0.8318665723,0.0,0.8563063106,0.0,0.8508915053
20,seeds,MCAR(0.2),forest_diffusion_nt51_ycond,0.04923100143,0.09115426063,0.0,0.0,0.1312855636,0.4724316068,0.00461,0.244,0.225,0.0,0.8739259014,27.9,0.0,0.9409942973,0.0,0.6882032425,0.0,0.9300768473,0.0,0.9364292186
21,seeds,MCAR(0.2),forest_diffusion_repaint_nt51_ycond,0.04816506418,0.09081328009,0.0,0.0,0.1307090992,0.4737986276,0.00441,0.239,0.221,0.0,0.8767645342,66.0,0.0,0.9539457676,0.0,0.6875083535,0.0,0.924276789,0.0,0.9413272268
22,glass,MCAR(0.2),forest_diffusion_nt51_ycond,0.04956088132,0.08991231739,0.0,0.0,0.1636198649,0.6546939234,0.00514,0.22,0.196,0.0,0.5459466914,63.23424665,0.0,0.5564537979,0.0,0.3434422615,0.0,0.6675367905,0.0,0.6163539157
23,glass,MCAR(0.2),forest_diffusion_repaint_nt51_ycond,0.04716844506,0.08459672277,0.0,0.0,0.1558365711,0.6529517674,0.00442,0.202,0.18,0.0,0.5340355178,147.2886003,0.0,0.574719589,0.0,0.270141014,0.0,0.6746016838,0.0,0.6166797845
24,ecoli,MCAR(0.2),forest_diffusion_nt51_ycond,0.04077881819,0.08233559852,0.0,0.0,0.1130682321,0.4084610539,0.005661250005,0.2243488968,0.2,0.0,0.6757424795,52.62463681,0.0,0.7625268238,0.0,0.4061539976,0.0,0.8114119429,0.0,0.7228771537
25,ecoli,MCAR(0.2),forest_diffusion_repaint_nt51_ycond,0.0413330358,0.08043368455,0.0,0.0,0.1118380327,0.4084406213,0.004103822311,0.2075276944,0.187,0.0,0.6898301597,134.8698321,0.0,0.7745852386,0.0,0.408215886,0.0,0.8192454901,0.0,0.7572740244
26,yeast,MCAR(0.2),forest_diffusion_nt51_ycond,0.03953209839,0.07852732382,0.0,0.0,0.1140777894,0.3241350619,0.004754581296,0.2278744719,0.206,0.0,0.49399098,116.2422531,0.0,0.5535854991,0.0,0.3308705597,0.0,0.5510282549,0.0,0.5404796062
27,yeast,MCAR(0.2),forest_diffusion_repaint_nt51_ycond,0.03991267602,0.0772059824,0.0,0.0,0.1128238254,0.3227389951,0.004046208173,0.2148163017,0.195,0.0,0.4783834118,264.8534385,0.0,0.5451180559,0.0,0.3039437137,0.0,0.5296399008,0.0,0.5348319767
28,libras,MCAR(0.2),forest_diffusion_nt51_ycond,0.0815392923,0.100807396,0.0,0.0,1.819835535,9.354809111,0.00494,0.253,0.233,0.0,0.5342225502,12438.72543,0.0,0.6774980718,0.0,0.05002287743,0.0,0.7766680529,0.0,0.6327011986
29,libras,MCAR(0.2),forest_diffusion_repaint_nt51_ycond,0.07524752067,0.09119177536,0.0,0.0,1.646265201,9.247515134,0.00374,0.227,0.209,0.0,0.5357168891,14715.19082,0.0,0.6727522724,0.0,0.04703985617,0.0,0.7738649203,0.0,0.6492105077
30,planning_relax,MCAR(0.2),forest_diffusion_nt51_ycond,0.07883240709,0.1248401491,0.0,0.0,0.3147209934,1.441154855,0.00592,0.294,0.272,0.0,0.4569745907,60.1,0.0,0.4115409948,0.0,0.4972365185,0.0,0.4414714675,0.0,0.4776493821
31,planning_relax,MCAR(0.2),forest_diffusion_repaint_nt51_ycond,0.07780347088,0.121119716,0.0,0.0,0.3053093838,1.43824568,0.00525,0.275,0.253,0.0,0.4640592833,107.0,0.0,0.4099748891,0.0,0.5087042005,0.0,0.4275182746,0.0,0.5100397689
32,blood_transfusion,MCAR(0.2),forest_diffusion_nt51_ycond,0.03778566987,0.1047048786,0.0,0.0,0.0506333403,0.1166353519,0.0118,0.342,0.312,0.0,0.6146409028,9.873286327,0.0,0.569648496,0.0,0.6330977384,0.0,0.6276872982,0.0,0.6281300787
33,blood_transfusion,MCAR(0.2),forest_diffusion_repaint_nt51_ycond,0.03510693878,0.09778823346,0.0,0.0,0.04857775003,0.1161840906,0.00981,0.314,0.285,0.0,0.6119897724,26.15679693,0.0,0.5734917422,0.0,0.6383873818,0.0,0.6250470872,0.0,0.6110328784
34,breast_cancer_diagnostic,MCAR(0.2),forest_diffusion_nt51_ycond,0.04239418204,0.05937866373,0.0,0.0,0.3567452895,1.853180939,0.00173769705,0.1553241851,0.144,0.0,0.9552731881,366.0203362,0.0,0.9632879646,0.0,0.9551520529,0.0,0.9547179824,0.0,0.9479347525
35,breast_cancer_diagnostic,MCAR(0.2),forest_diffusion_repaint_nt51_ycond,0.04187891025,0.05849896196,0.0,0.0,0.3514893449,1.850811897,0.001660377025,0.1530772437,0.142,0.0,0.9548885653,510.2235578,0.0,0.9633427538,0.0,0.9521292105,0.0,0.9548137935,0.0,0.9492685032
36,connectionist_bench_vowel,MCAR(0.2),forest_diffusion_nt51_ycond,0.04739521838,0.09664057565,0.0,0.0,0.1932786886,0.7257380533,0.006421942616,0.2881828123,0.263,0.0,0.6541159007,227.5114953,0.0,0.6600069126,0.0,0.1692201379,0.0,0.9222671231,0.0,0.8649694291
37,connectionist_bench_vowel,MCAR(0.2),forest_diffusion_repaint_nt51_ycond,0.04376831597,0.08727915538,0.0,0.0,0.1745920999,0.7181435032,0.005118274341,0.2572465983,0.235,0.0,0.6382855742,501.6633138,0.0,0.648843794,0.0,0.1304904076,0.0,0.9190574084,0.0,0.8547506868
38,concrete_slump,MCAR(0.2),forest_diffusion_nt51_ycond,0.0984091395,0.2186390352,46.02084476,0.8583333333,0.3048350409,1.169787035,0.0304,0.66,0.579,0.6607120714,0.0,24.75733471,0.784515924,0.0,0.6488032684,0.0,0.6727402594,0.0,0.536788834,0.0
39,concrete_slump,MCAR(0.2),forest_diffusion_repaint_nt51_ycond,0.09283156539,0.1912833793,65.97047876,0.8,0.2674235689,1.161803659,0.0227,0.532,0.465,0.7184846177,0.0,39.50263882,0.769759747,0.0,0.7083115803,0.0,0.7110444775,0.0,0.6848226658,0.0
40,wine_quality_red,MCAR(0.2),forest_diffusion_nt51_ycond,0.04847812766,0.09479430928,40.1,0.9878787879,0.1853112032,0.5304344396,0.00627,0.286,0.261,0.3087671585,0.0,61.1,0.3166161731,0.0,0.2881343319,0.0,0.3700432772,0.0,0.2602748516,0.0
41,wine_quality_red,MCAR(0.2),forest_diffusion_repaint_nt51_ycond,0.04773565355,0.08990124329,36.7,0.9939393939,0.1765221578,0.5266012051,0.00531,0.264,0.242,0.3066835879,0.0,93.5,0.3147443695,0.0,0.2899852887,0.0,0.3634896213,0.0,0.2585150722,0.0
42,wine_quality_white,MCAR(0.2),forest_diffusion_nt51_ycond,0.04494674571,0.08820027742,153.7775129,0.3888888889,0.1891723367,0.4703082259,0.00598,0.28,0.258,0.3319177174,0.0,191.8134139,0.2663817648,0.0,0.2750345663,0.0,0.4239864263,0.0,0.3622681125,0.0
43,wine_quality_white,MCAR(0.2),forest_diffusion_repaint_nt51_ycond,0.04401123749,0.08454713701,126.1417197,0.4222222222,0.1819637296,0.4659366172,0.00525,0.264,0.243,0.3352876509,0.0,258.5035407,0.2668526053,0.0,0.2812616679,0.0,0.4263113919,0.0,0.3667249385,0.0
44,tictactoe,MCAR(0.2),forest_diffusion_nt51_ycond,0.6057293819,0.6057293819,0.0,0.0,1.09441689,2.091801451,0.0,0.0,0.0,0.0,0.723358405,115.0959018,0.0,0.668728489,0.0,0.6438699339,0.0,0.7657749368,0.0,0.8150602603
45,tictactoe,MCAR(0.2),forest_diffusion_repaint_nt51_ycond,0.6057293819,0.6057293819,0.0,0.0,1.09441689,2.091801451,0.0,0.0,0.0,0.0,0.723358405,200.2382476,0.0,0.668728489,0.0,0.6438699339,0.0,0.7657749368,0.0,0.8150602603
46,congress,MCAR(0.2),forest_diffusion_nt51_ycond,0.8559057103,0.5304991654,0.0,0.0,2.747792554,3.743768127,0.0,0.0,0.0,0.0,0.9105471664,252.1388006,0.0,0.8061360285,0.0,0.9350602659,0.0,0.9494113502,0.0,0.9515810212
47,congress,MCAR(0.2),forest_diffusion_repaint_nt51_ycond,0.8559057103,0.5304991654,0.0,0.0,2.747792554,3.743768127,0.0,0.0,0.0,0.0,0.9105471664,402.7128763,0.0,0.8061360285,0.0,0.9350602659,0.0,0.9494113502,0.0,0.9515810212
48,car,MCAR(0.2),forest_diffusion_nt51_ycond,0.7083853225,0.7083853225,0.0,0.0,0.8499298686,1.242047895,0.0,0.0,0.0,0.0,0.5636406256,148.2816865,0.0,0.6576825683,0.0,0.5593551503,0.0,0.4755440077,0.0,0.5619807761
49,car,MCAR(0.2),forest_diffusion_repaint_nt51_ycond,0.7083853225,0.7083853225,0.0,0.0,0.8499298686,1.242047895,0.0,0.0,0.0,0.0,0.564,278.2306801,0.0,0.6576825683,0.0,0.5593551503,0.0,0.4755440077,0.0,0.5619807761
50,california,MCAR(0.2),forest_diffusion_nt51_ycond,0.03041546958,0.08190594961,43.0,0.1777777778,0.0,0.0,0.00989,0.287,0.26059338,0.6490278747,0.0,320.0,0.5772766576,0.0,0.4254172331,0.0,0.7897718143,0.0,0.8036457939,0.0
51,california,MCAR(0.2),forest_diffusion_repaint_nt51_ycond,0.02914592711,0.07698132138,35.1,0.2074074074,0.0,0.0,0.00875,0.265,0.2421171726,0.6523683678,0.0,488.0,0.5843938695,0.0,0.4304030306,0.0,0.791284648,0.0,0.8033919232,0.0
52,bean,MCAR(0.2),forest_diffusion_nt51_ycond,0.01535160641,0.03196376483,0.0,0.0,0.0,0.0,0.00164,0.12,0.1104957326,0.0,0.7799726016,897.9782648,0.0,0.7803924277,0.0,0.471247465,0.0,0.9326806912,0.0,0.9355698224
53,bean,MCAR(0.2),forest_diffusion_repaint_nt51_ycond,0.01517083036,0.03150930788,0.0,0.0,0.0,0.0,0.00154,0.118,0.1087547931,0.0,0.7817765223,1318.085104,0.0,0.7845712748,0.0,0.4747706931,0.0,0.9324778344,0.0,0.935286287
54,iris,MCAR(0.2),oracle,0.0,0.0,0.0,0.0,0.0,0.2395409074,4.22e-34,1.95e-16,0.0,0.0,0.9709359679,9.54e-06,0.0,1.0,0.0,0.9664143524,0.0,0.9620262778,0.0,0.9553032413
55,iris,MCAR(0.2),KNN(n_neighbors=1),0.1047882556,0.1047882556,0.0,0.0,0.07086067976,0.2526048677,4.58e-34,1.98e-16,0.0,0.0,0.9581867695,0.003249963125,0.0,0.9888610415,0.0,0.9084641484,0.0,0.9688109162,0.0,0.9666109719
56,california,MCAR(0.2),oracle,0.0,0.0,9.59e-16,1.0,0.0,0.0,1.9099999999999999e-34,7.45e-17,0.0,0.6559524382,0.0,5.8e-06,0.5974351433,0.0,0.3911435852,0.0,0.804350173,0.0,0.8308808513,0.0
57,california,MCAR(0.2),KNN(n_neighbors=1),0.08212890683,0.08212890679,176.5973677,0.2592592593,0.0,0.0,2.15e-34,7.57e-17,0.0,0.5761754459,0.0,6.965545177,0.3102293359,0.0,0.412880765,0.0,0.7799390742,0.0,0.8016526086,0.0
58,iris,MCAR(0.2),MissForest,0.06070641182,0.07161124561,0.0,0.0,0.05014351502,0.2409251566,0.000276,0.042,0.03781326102,0.0,0.9473322779,15.25505106,0.0,0.977722083,0.0,0.9360756074,0.0,0.9521092293,0.0,0.9234221918
59,iris,MCAR(0.2),miceforest,0.04502877485,0.08229963024,0.0,0.0,0.0563790933,0.2416025665,0.00254,0.167,0.1474704085,0.0,0.945,6.876027584,0.0,0.9664818612,0.0,0.9141658084,0.0,0.9566120689,0.0,0.9418251015
60,california,MCAR(0.2),MissForest,0.03158127218,0.03880112738,23.3,0.5407407407,0.0,0.0,0.000254,0.0281,0.02521792521,0.6484074926,0.0,336.0,0.5950078572,0.0,0.4097851159,0.0,0.7772788516,0.0,0.8115581456,0.0
61,california,MCAR(0.2),miceforest,0.02139101077,0.05597088435,25.7,0.5037037037,0.0,0.0,0.0056,0.179,0.1630021946,0.65356993,0.0,69.0,0.5931376291,0.0,0.4258272738,0.0,0.7884382018,0.0,0.8068766155,0.0
62,iris,MCAR(0.2),ice,0.04764477331,0.1261485172,0.0,0.0,0.08448083672,0.2638513628,0.0152,0.47,0.4364264246,0.0,0.9524995846,0.4969032605,0.0,0.9687096529,0.0,0.9220847835,0.0,0.9683113508,0.0,0.9508925512
63,iris,MCAR(0.2),OT,0.07067106007,0.09316983978,0.0,0.0,0.0665838968,0.257272916,0.000637,0.0896,0.08320529716,0.0,0.9571280284,311.3777713,0.0,0.9821776664,0.0,0.9410046581,0.0,0.9589432841,0.0,0.946386505
64,iris,MCAR(0.2),softimpute,0.1325350831,0.1325350831,0.0,0.0,0.09621967126,0.2713394827,3.4199999999999997e-34,1.95e-16,0.0,0.0,0.9472671578,1.283255974,0.0,0.9888610415,0.0,0.8717332051,0.0,0.9731989907,0.0,0.9552753939
65,iris,MCAR(0.2),GAIN,0.09163409553,0.09268842493,0.0,0.0,0.06753995855,0.2504505016,2.62e-06,0.004010741721,0.003749178715,0.0,0.9736219421,7.368902206,0.0,1.0,0.0,0.9301045881,0.0,0.9866332498,0.0,0.9777499304
66,wine,MCAR(0.2),oracle,0.0,0.0,0.0,0.0,0.0,1.440255312,4.35e-34,1.29e-16,0.0,0.0,0.9560277573,4.61e-06,0.0,0.946394619,0.0,0.9093720944,0.0,0.9982675329,0.0,0.9700767828
67,wine,MCAR(0.2),KNN(n_neighbors=1),0.139171438,0.139171438,0.0,0.0,0.3582014234,1.465148733,3.25e-34,1.23e-16,0.0,0.0,0.9675749449,0.00901722908,0.0,0.9572016461,0.0,0.9368069141,0.0,0.9965350658,0.0,0.9797561537
68,wine,MCAR(0.2),MissForest,0.0946346998,0.106358072,0.0,0.0,0.2738603507,1.403510186,0.000291,0.0588,0.05434193682,0.0,0.9482311509,43.44819562,0.0,0.9372833032,0.0,0.9028147529,0.0,0.9923771448,0.0,0.9604494025
69,wine,MCAR(0.2),miceforest,0.07926563649,0.1121674486,0.0,0.0,0.288799472,1.419135304,0.00291,0.202,0.1845385362,0.0,0.952,28.30148522,0.0,0.9421282361,0.0,0.9057942949,0.0,0.9920306513,0.0,0.968642076
70,wine,MCAR(0.2),ice,0.1279827011,0.2269569978,0.0,0.0,0.5841878605,1.64621895,0.0462,0.87,0.8010931665,0.0,0.8953757343,1.71,0.0,0.9326365867,0.0,0.6721848169,0.0,0.9945012778,0.0,0.982180256
71,wine,MCAR(0.2),OT,0.14203222,0.1797871579,0.0,0.0,0.4629092961,1.54133659,0.00343,0.194,0.1791008098,0.0,0.9585404308,59.6,0.0,0.9585798399,0.0,0.8917033463,0.0,0.9986140263,0.0,0.9852645106
72,wine,MCAR(0.2),softimpute,0.2392533211,0.2392533211,0.0,0.0,0.612129564,1.690424495,1.59e-34,1.14e-16,0.0,0.0,0.9414796302,2.667386055,0.0,0.9385899697,0.0,0.8786612512,0.0,0.9828806584,0.0,0.9657866413
73,wine,MCAR(0.2),GAIN,0.1477617688,0.1492843007,0.0,0.0,0.3843040698,1.473988554,4.28e-06,0.00804,0.007435580448,0.0,0.9378225459,11.49400759,0.0,0.9520911681,0.0,0.8276401985,0.0,0.9913376645,0.0,0.9802211526
74,parkinsons,MCAR(0.2),oracle,0.0,0.0,0.0,0.0,0.0,1.704957945,3.3499999999999997e-34,1.09e-16,0.0,0.0,0.8238306255,6.44e-06,0.0,0.709725269,0.0,0.8621966794,0.0,0.8572741829,0.0,0.8661263704
75,parkinsons,MCAR(0.2),KNN(n_neighbors=1),0.07107947282,0.07107947282,0.0,0.0,0.316018677,1.759787757,2.73e-34,1.06e-16,0.0,0.0,0.7741736401,0.03366589546,0.0,0.6766683915,0.0,0.7933615948,0.0,0.8182231339,0.0,0.80844144
76,parkinsons,MCAR(0.2),MissForest,0.04491417864,0.05144875337,0.0,0.0,0.2297681147,1.707711372,0.0002069693849,0.0343,0.03136701298,0.0,0.7895052455,74.60481397,0.0,0.6871471172,0.0,0.7883022759,0.0,0.8360595489,0.0,0.8465120403
77,parkinsons,MCAR(0.2),miceforest,0.03848633106,0.05678149964,0.0,0.0,0.2534851271,1.713931894,0.001815593977,0.1183736631,0.1065616174,0.0,0.7904812828,650.5551563,0.0,0.6830323894,0.0,0.8004931991,0.0,0.8428077546,0.0,0.835591788
78,parkinsons,MCAR(0.2),ice,0.08052395798,0.1403489802,0.0,0.0,0.6271040403,1.98093586,0.0238,0.538,0.489684511,0.0,0.7822657527,2.980831067,0.0,0.7307045864,0.0,0.7947581318,0.0,0.7824068444,0.0,0.8211934483
79,parkinsons,MCAR(0.2),OT,0.1405050246,0.2399620068,0.0,0.0,1.072314944,2.329377005,0.0487,0.729,0.6374515914,0.0,0.783,143.084531,0.0,0.735800217,0.0,0.7798160294,0.0,0.7904876569,0.0,0.8272279268
80,parkinsons,MCAR(0.2),softimpute,0.1772586475,0.1772586475,0.0,0.0,0.7923304986,2.020444616,1.3399999999999998e-34,9.81e-17,0.0,0.0,0.770114636,4.55,0.0,0.7373323155,0.0,0.7635689205,0.0,0.7875018397,0.0,0.7920554682
81,parkinsons,MCAR(0.2),GAIN,0.07977016462,0.08079768972,0.0,0.0,0.3609796887,1.764617513,3.13e-06,0.00585,0.005404655316,0.0,0.8116200286,13.6,0.0,0.7548946267,0.0,0.8123430598,0.0,0.8190088921,0.0,0.8602335359
82,climate_model_crashes,MCAR(0.2),oracle,0.0,0.0,0.0,0.0,0.0,3.879358003,1.0600000000000001e-33,2.78e-16,0.0,0.0,0.7608071444,5.01e-06,0.0,0.8369939188,0.0,0.8195912949,0.0,0.5376682743,0.0,0.8489750894
83,climate_model_crashes,MCAR(0.2),KNN(n_neighbors=1),0.3307860921,0.3307860824,0.0,0.0,1.204669704,3.875730046,1.11e-33,2.83e-16,0.0,0.0,0.7311883934,0.01748800278,0.0,0.8466872545,0.0,0.756943466,0.0,0.5248003639,0.0,0.7963224894
84,climate_model_crashes,MCAR(0.2),MissForest,0.2416402856,0.260589271,0.0,0.0,0.9491609289,3.768210192,0.0009123167679,0.1182266293,0.1098774737,0.0,0.8058169683,83.47991927,0.0,0.8896718028,0.0,0.8313809201,0.0,0.656155399,0.0,0.8460597514
85,climate_model_crashes,MCAR(0.2),miceforest,0.2285447038,0.2963210923,0.0,0.0,1.079361641,3.813464312,0.01477617313,0.4807051636,0.445720709,0.0,0.7741220112,53.18047229,0.0,0.8836990255,0.0,0.7800017993,0.0,0.6138729784,0.0,0.8189142417
86,climate_model_crashes,MCAR(0.2),ice,0.2075917883,0.3279488384,0.0,0.0,1.194449714,3.853453283,0.05827952758,0.985,0.9168869386,0.0,0.703143037,2.723856211,0.0,0.848535426,0.0,0.7027029362,0.0,0.4902973459,0.0,0.7710364401
87,climate_model_crashes,MCAR(0.2),OT,0.2385555002,0.2738489178,0.0,0.0,0.9974897654,3.780917725,0.004090201008,0.2397181241,0.2215437108,0.0,0.7785110745,376.8776322,0.0,0.8617512584,0.0,0.7949346145,0.0,0.6219745989,0.0,0.8353838262
88,climate_model_crashes,MCAR(0.2),softimpute,0.2677103736,0.2677103736,0.0,0.0,0.9751286546,3.777499609,6.18e-34,2.78e-16,0.0,0.0,0.6672930854,7.596406301,0.0,0.8201743254,0.0,0.675089818,0.0,0.4850823132,0.0,0.6888258851
89,climate_model_crashes,MCAR(0.2),GAIN,0.2865546823,0.288,0.0,0.0,1.049596538,3.787543798,6.65e-06,0.0105,0.009733327444,0.0,0.767,13.8538661,0.0,0.8793533616,0.0,0.739637189,0.0,0.6181183916,0.0,0.8301627056
90,concrete_compression,MCAR(0.2),oracle,0.0,0.0,4.14e-16,1.0,0.0,0.4850938102,4.47e-34,1.64e-16,0.0,0.7890316565,0.0,8.03e-06,0.5759607897,0.0,0.7630503934,0.0,0.904734688,0.0,0.9123807549,0.0
91,concrete_compression,MCAR(0.2),KNN(n_neighbors=1),0.09396699133,0.09396699132,150.4353059,0.03703703704,0.1426544374,0.5333737363,5.06e-34,1.68e-16,0.0,0.7647322369,0.0,0.0253,0.5604494134,0.0,0.7669934871,0.0,0.8701907986,0.0,0.8612952486,0.0
92,concrete_compression,MCAR(0.2),MissForest,0.04641708782,0.06068032214,50.28933366,0.7333333333,0.09671290099,0.5105645181,0.000741,0.0619,0.0547701795,0.7618948329,0.0,42.35168084,0.5693626747,0.0,0.7582132616,0.0,0.8630487364,0.0,0.8569546589,0.0
93,concrete_compression,MCAR(0.2),miceforest,0.03412894496,0.07291816039,53.09057557,0.5555555556,0.1130524809,0.5151777798,0.00457,0.203,0.1782070647,0.7618999634,0.0,23.13273422,0.5686170922,0.0,0.7595641763,0.0,0.8610939254,0.0,0.8583246597,0.0
94,concrete_compression,MCAR(0.2),ice,0.08685496832,0.2089232678,210.9309515,0.08888888889,0.3151740316,0.6273142527,0.03948282393,0.7785625735,0.7117988364,0.7271781673,0.0,1.029159307,0.551094271,0.0,0.6728829257,0.0,0.8439835441,0.0,0.8407519284,0.0
95,concrete_compression,MCAR(0.2),OT,0.1806828479,0.1842282307,165.7386401,0.1851851852,0.297790347,0.6268151906,2.82e-05,0.01359192256,0.01259395676,0.7381462838,0.0,65.85384035,0.5361861441,0.0,0.7241751791,0.0,0.8586884982,0.0,0.8335353137,0.0
96,concrete_compression,MCAR(0.2),softimpute,0.221078797,0.221078797,106.9919819,0.1851851852,0.3566670201,0.6707171629,1.7299999999999999e-34,1.56e-16,0.0,0.7462596484,0.0,5.063211997,0.533571447,0.0,0.7535834834,0.0,0.8498965592,0.0,0.8479871039,0.0
97,concrete_compression,MCAR(0.2),GAIN,0.1435492686,0.1452669297,191.7437971,0.1851851852,0.2341922238,0.5769487974,4.01e-06,0.00742,0.006849564443,0.7393815812,0.0,12.09168164,0.5328608267,0.0,0.7249500808,0.0,0.8522979299,0.0,0.8474174872,0.0
98,yacht_hydrodynamics,MCAR(0.2),oracle,0.0,0.0,1.87e-15,1.0,0.0,0.4997463846,4.49e-34,1.22e-16,0.0,0.8956182635,0.0,8.5e-06,0.5993811972,0.0,0.9897862716,0.0,0.9970182189,0.0,0.9962873662,0.0
99,yacht_hydrodynamics,MCAR(0.2),KNN(n_neighbors=1),0.1923687264,0.192,178.7292055,0.619047619,0.1829411513,0.5504855239,3.93e-34,1.19e-16,0.0,0.8785782455,0.0,0.005386511485,0.5986280261,0.0,0.9644663073,0.0,0.97847351,0.0,0.9727451388,0.0
100,yacht_hydrodynamics,MCAR(0.2),MissForest,0.05460775547,0.06852580781,57.93836304,1.0,0.07587029915,0.5090601525,0.00141,0.0583,0.04835908911,0.893870751,0.0,18.5,0.5974707326,0.0,0.9877466295,0.0,0.9955550526,0.0,0.9947105892,0.0
101,yacht_hydrodynamics,MCAR(0.2),miceforest,0.03534165589,0.08029475951,78.43059542,1.0,0.07797973842,0.517847945,0.0104,0.2,0.1561526385,0.8925996117,0.0,6.55,0.6022578608,0.0,0.9863392929,0.0,0.9928121879,0.0,0.9889891051,0.0
102,yacht_hydrodynamics,MCAR(0.2),ice,0.1165501591,0.2918809333,107.5895994,0.619047619,0.2918804474,0.6270530067,0.0676,1.05,0.970203613,0.8665138129,0.0,0.7734645208,0.6000025778,0.0,0.9204119587,0.0,0.9859331801,0.0,0.959707535,0.0
103,yacht_hydrodynamics,MCAR(0.2),OT,0.142103582,0.2138745558,131.1022374,0.6952380952,0.2342010377,0.5823969047,0.0132,0.367,0.3376631658,0.884656005,0.0,338.1429089,0.5989445207,0.0,0.9770858644,0.0,0.9886251049,0.0,0.9739685301,0.0
104,yacht_hydrodynamics,MCAR(0.2),softimpute,0.370344387,0.370344387,92.86462614,0.5714285714,0.4212783369,0.7540672347,3.05e-34,1.18e-16,0.0,0.8489516244,0.0,1.872786204,0.554349984,0.0,0.9003295146,0.0,0.9657167592,0.0,0.9754102396,0.0
105,yacht_hydrodynamics,MCAR(0.2),GAIN,0.1692101475,0.1722683814,115.2562621,0.8095238095,0.1967491201,0.5546468964,1.1e-05,0.01176246833,0.01081487577,0.8951464764,0.0,10.67877316,0.6068182786,0.0,0.9871342696,0.0,0.9947804503,0.0,0.9918529072,0.0
106,airfoil_self_noise,MCAR(0.2),oracle,0.0,0.0,9.38e-16,1.0,0.0,0.2413096733,4.6799999999999996e-34,1.79e-16,0.0,0.7624965712,0.0,8.19e-06,0.5087932287,0.0,0.6605055143,0.0,0.9329225501,0.0,0.9477649919,0.0
107,airfoil_self_noise,MCAR(0.2),KNN(n_neighbors=1),0.2139026044,0.2139026025,14.38833601,0.3333333333,0.1250056438,0.2851235268,5.5e-34,1.82e-16,0.0,0.6938867421,0.0,0.03072977066,0.4972749711,0.0,0.5889092147,0.0,0.8433409986,0.0,0.8460217842,0.0
108,airfoil_self_noise,MCAR(0.2),MissForest,0.06406309405,0.08397960876,4.933121136,0.9444444444,0.07369378732,0.2603192401,0.00161,0.0773,0.06715625898,0.7277582373,0.0,27.67350141,0.5071913433,0.0,0.6136625126,0.0,0.8882584132,0.0,0.9019206799,0.0
109,airfoil_self_noise,MCAR(0.2),miceforest,0.03445298828,0.104,3.123009253,0.9888888889,0.06777600151,0.2491333449,0.0148,0.307,0.2608751447,0.7083641054,0.0,17.40709408,0.507385768,0.0,0.6169083049,0.0,0.8633103259,0.0,0.8458520227,0.0
110,airfoil_self_noise,MCAR(0.2),ice,0.08881533079,0.2381993993,14.00073015,0.5333333333,0.1584364066,0.3051372609,0.0434,0.793,0.7240626051,0.6714936959,0.0,0.747,0.4983169341,0.0,0.5375116057,0.0,0.8197309411,0.0,0.8304153028,0.0
111,airfoil_self_noise,MCAR(0.2),OT,0.1864403537,0.3057859576,22.66677767,0.2666666667,0.267780806,0.3906459875,0.0512,0.639,0.5603612517,0.6624681476,0.0,68.1,0.4574247911,0.0,0.4881996947,0.0,0.8411264587,0.0,0.863121646,0.0
112,airfoil_self_noise,MCAR(0.2),softimpute,0.2934196915,0.2934196915,29.73292588,0.1111111111,0.2862920816,0.3829612051,3.1e-35,1.53e-16,0.0,0.6366698071,0.0,4.463773966,0.4365889042,0.0,0.4835723717,0.0,0.8109992616,0.0,0.815518691,0.0
113,airfoil_self_noise,MCAR(0.2),GAIN,0.1900851462,0.192494531,9.916868383,0.7777777778,0.1917311818,0.3218992571,6.57e-06,0.00935,0.008643572955,0.6975999011,0.0,9.69070069,0.4968577943,0.0,0.5964075988,0.0,0.8386962587,0.0,0.8584379526,0.0
114,connectionist_bench_sonar,MCAR(0.2),oracle,0.0,0.0,0.0,0.0,0.0,8.528049775,5.38e-34,1.62e-16,0.0,0.0,0.8203080724,5.17e-06,0.0,0.7193842323,0.0,0.8401233699,0.0,0.8329529656,0.0,0.8887717218
115,connectionist_bench_sonar,MCAR(0.2),KNN(n_neighbors=1),0.1248639843,0.1248639843,0.0,0.0,1.500030279,8.55221824,4.22e-34,1.56e-16,0.0,0.0,0.7836216168,0.03019444148,0.0,0.7354830355,0.0,0.7842062123,0.0,0.8160206611,0.0,0.7987765583
116,connectionist_bench_sonar,MCAR(0.2),MissForest,0.08109102038,0.08665044552,0.0,0.0,1.040790203,8.373539653,0.0003147467985,0.054,0.04948863001,0.0,0.7989143325,343.4518813,0.0,0.6799596302,0.0,0.8522464235,0.0,0.8310408304,0.0,0.8324104461
117,connectionist_bench_sonar,MCAR(0.2),miceforest,0.07784754586,0.09262962484,0.0,0.0,1.112833326,8.41481927,0.002183347492,0.1697231013,0.1549346414,0.0,0.8114963096,2163.185472,0.0,0.7440098676,0.0,0.8417359615,0.0,0.8278226774,0.0,0.8324167318
118,connectionist_bench_sonar,MCAR(0.2),ice,0.1032270826,0.1350353401,0.0,0.0,1.62250324,8.771376297,0.0141,0.465,0.430228304,0.0,0.8006814278,14.57604758,0.0,0.7259674676,0.0,0.8244117001,0.0,0.821387012,0.0,0.8309595315
119,connectionist_bench_sonar,MCAR(0.2),OT,0.09783116231,0.1202683889,0.0,0.0,1.444582949,8.492449425,0.00637,0.233,0.2132255269,0.0,0.804,380.2452658,0.0,0.7508826882,0.0,0.840614654,0.0,0.8284857895,0.0,0.7979630145
120,connectionist_bench_sonar,MCAR(0.2),softimpute,0.09109937839,0.09109937839,0.0,0.0,1.094731751,8.351240572,3.12e-34,1.53e-16,0.0,0.0,0.7936125338,29.6,0.0,0.6810713118,0.0,0.8535304291,0.0,0.8229983927,0.0,0.8168500015
121,connectionist_bench_sonar,MCAR(0.2),GAIN,0.2049853884,0.2055865502,0.0,0.0,2.467964183,9.401353487,2.44e-06,0.00513,0.004773189222,0.0,0.7793474423,23.8,0.0,0.7070640094,0.0,0.8111970406,0.0,0.8040539614,0.0,0.7950747579
122,ionosphere,MCAR(0.2),oracle,0.0,0.0,0.0,0.0,0.0,4.417807475,8.52e-34,2.23e-16,0.0,0.0,0.9129495335,5.56e-06,0.0,0.8506690212,0.0,0.9387153881,0.0,0.9399530096,0.0,0.922460715
123,ionosphere,MCAR(0.2),KNN(n_neighbors=1),0.1147075467,0.1147075467,0.0,0.0,0.7617813823,4.348497706,1.12e-33,2.36e-16,0.0,0.0,0.9109139976,0.02546230952,0.0,0.8546399607,0.0,0.9285164367,0.0,0.9421678724,0.0,0.9183317208
124,ionosphere,MCAR(0.2),MissForest,0.09853594629,0.1078070391,0.0,0.0,0.7160471712,4.335254526,0.0008013537631,0.06606705027,0.06037841739,0.0,0.9014387425,201.7074285,0.0,0.8381150837,0.0,0.9032025689,0.0,0.9404842914,0.0,0.9239530258
125,ionosphere,MCAR(0.2),miceforest,0.09490463222,0.1223514028,0.0,0.0,0.8125843432,4.417580749,0.005347293713,0.2384036107,0.2120643052,0.0,0.9047890812,147.24509,0.0,0.8457969198,0.0,0.9144853044,0.0,0.9360964735,0.0,0.9227776272
126,ionosphere,MCAR(0.2),ice,0.1322969553,0.1844551801,0.0,0.0,1.22533864,4.710465973,0.02122808359,0.556,0.5102189852,0.0,0.8940262167,4.936282237,0.0,0.8346874909,0.0,0.8966801825,0.0,0.9332176381,0.0,0.9115195552
127,ionosphere,MCAR(0.2),OT,0.1051422744,0.1173402162,0.0,0.0,0.7795672921,4.371648716,0.0009339928163,0.08991413217,0.08276455541,0.0,0.9049358353,315.1876522,0.0,0.8495371217,0.0,0.9137351675,0.0,0.9417802287,0.0,0.9146908234
128,ionosphere,MCAR(0.2),softimpute,0.1420632967,0.1420632967,0.0,0.0,0.9438417569,4.436460325,9.04e-34,2.3e-16,0.0,0.0,0.8980545708,18.62288729,0.0,0.8427904782,0.0,0.8976074632,0.0,0.9331569789,0.0,0.9186633628
129,ionosphere,MCAR(0.2),GAIN,0.1558057915,0.1568371052,0.0,0.0,1.041555471,4.545378049,4.04e-06,0.00705,0.006545106389,0.0,0.904,16.57572373,0.0,0.8292844283,0.0,0.9263807669,0.0,0.9417518679,0.0,0.9169788677
130,qsar_biodegradation,MCAR(0.2),oracle,0.0,0.0,0.0,0.0,0.0,1.37611821,1.2599999999999999e-34,4.79e-17,0.0,0.0,0.8512666078,5.32e-06,0.0,0.8555204561,0.0,0.8302144943,0.0,0.8621689851,0.0,0.8571624959
131,qsar_biodegradation,MCAR(0.2),KNN(n_neighbors=1),0.03182994722,0.03182994722,0.0,0.0,0.2622067578,1.408999791,1.0699999999999999e-34,4.67e-17,0.0,0.0,0.8465633538,0.0995,0.0,0.8569943104,0.0,0.8232616339,0.0,0.8554384306,0.0,0.8505590402
132,qsar_biodegradation,MCAR(0.2),MissForest,0.01794883925,0.02059195037,0.0,0.0,0.1697437188,1.396148459,0.000117,0.0159,0.01432619702,0.0,0.8499824044,320.3665237,0.0,0.845377542,0.0,0.8351794956,0.0,0.8598319391,0.0,0.859540641
133,qsar_biodegradation,MCAR(0.2),miceforest,0.01326508127,0.02184180158,0.0,0.0,0.1800617606,1.396038216,0.000918,0.0552,0.04639279895,0.0,0.8526716829,209.036609,0.0,0.8523613695,0.0,0.8407404123,0.0,0.8605720786,0.0,0.8570128712
134,qsar_biodegradation,MCAR(0.2),ice,0.03629732764,0.06338623267,0.0,0.0,0.5218031815,1.612791249,0.008018163324,0.2550872932,0.2213984888,0.0,0.8488528533,21.25204945,0.0,0.8497598128,0.0,0.8359192599,0.0,0.857057582,0.0,0.8526747585
135,qsar_biodegradation,MCAR(0.2),OT,0.06315449243,0.07475865469,0.0,0.0,0.6161885814,1.648433334,0.001218647705,0.07791062393,0.06707822326,0.0,0.8430100999,262.85937,0.0,0.8279074837,0.0,0.8243836318,0.0,0.8608808409,0.0,0.858868443
136,qsar_biodegradation,MCAR(0.2),softimpute,0.06001559957,0.06001559957,0.0,0.0,0.494784714,1.583516958,9.33e-35,4.68e-17,0.0,0.0,0.8362557856,49.80279533,0.0,0.8442829469,0.0,0.8123549394,0.0,0.8459804871,0.0,0.8424047691
137,qsar_biodegradation,MCAR(0.2),GAIN,0.0433905315,0.04420421642,0.0,0.0,0.364082721,1.470272153,7.82e-05,0.004552062572,0.00408546488,0.0,0.848913455,18.98753436,0.0,0.8391379524,0.0,0.8335065194,0.0,0.8619338419,0.0,0.8610755063
138,seeds,MCAR(0.2),oracle,0.0,0.0,0.0,0.0,0.0,0.4597781875,4.22e-34,1.18e-16,0.0,0.0,0.8711821463,5.25e-06,0.0,0.936659665,0.0,0.6485722286,0.0,0.9634046442,0.0,0.9360920476
139,seeds,MCAR(0.2),KNN(n_neighbors=1),0.08315561028,0.08315561028,0.0,0.0,0.1087046374,0.4637309475,5.35e-34,1.24e-16,0.0,0.0,0.854,0.003782510757,0.0,0.9285410205,0.0,0.631950729,0.0,0.9346457771,0.0,0.9199612648
140,seeds,MCAR(0.2),MissForest,0.04506953933,0.05359498604,0.0,0.0,0.07094477838,0.4524566384,0.000124,0.0353,0.03216755478,0.0,0.8552212376,26.5,0.0,0.9414283999,0.0,0.5702483987,0.0,0.955458836,0.0,0.9537493158
141,seeds,MCAR(0.2),miceforest,0.03521914645,0.05974640152,0.0,0.0,0.07898612885,0.4560089144,0.00125,0.121,0.110216695,0.0,0.8660465985,19.1,0.0,0.9456931716,0.0,0.6145646335,0.0,0.958259151,0.0,0.9456694377
142,seeds,MCAR(0.2),ice,0.07411562126,0.1761601789,0.0,0.0,0.2309334611,0.5664604638,0.0366,0.739,0.6817964291,0.0,0.9117481659,0.9293239911,0.0,0.9487989558,0.0,0.8259263011,0.0,0.9310231703,0.0,0.9412442361
143,seeds,MCAR(0.2),OT,0.05446436384,0.081649129,0.0,0.0,0.1075336701,0.4644914646,0.00178,0.12,0.109321056,0.0,0.8566117129,323.355269,0.0,0.936487758,0.0,0.6078288127,0.0,0.9459183161,0.0,0.9362119646
144,seeds,MCAR(0.2),softimpute,0.1129703883,0.1129703883,0.0,0.0,0.1495543302,0.5099662074,5.65e-34,1.24e-16,0.0,0.0,0.8550711836,1.794123411,0.0,0.96046108,0.0,0.5802199132,0.0,0.9427417481,0.0,0.9368619932
145,seeds,MCAR(0.2),GAIN,0.07771585508,0.07916065455,0.0,0.0,0.1048217158,0.467221887,2.56e-06,0.005544949615,0.005113766319,0.0,0.8741780646,9.254815022,0.0,0.9382310608,0.0,0.6382823006,0.0,0.9583387335,0.0,0.9618601634
146,glass,MCAR(0.2),oracle,0.0,0.0,0.0,0.0,0.0,0.6305955746,2.33e-34,7.36e-17,0.0,0.0,0.6205299257,5.32e-06,0.0,0.5611093415,0.0,0.4344818638,0.0,0.7354191386,0.0,0.7511093587
147,glass,MCAR(0.2),KNN(n_neighbors=1),0.08389092473,0.08389092473,0.0,0.0,0.1421608633,0.6463414637,2.76e-34,7.58e-17,0.0,0.0,0.5617051702,0.004852612813,0.0,0.5588551903,0.0,0.2795428337,0.0,0.6881531977,0.0,0.7202694591
148,glass,MCAR(0.2),MissForest,0.05786449453,0.0681293218,0.0,0.0,0.1178588587,0.6348514968,0.000331,0.0432,0.0392,0.0,0.6214856094,31.28890649,0.0,0.5992620448,0.0,0.3775334466,0.0,0.7708262019,0.0,0.7383207443
149,glass,MCAR(0.2),miceforest,0.04558138189,0.07897432376,0.0,0.0,0.1350419459,0.6405579548,0.00371,0.169,0.149,0.0,0.57,19.87213508,0.0,0.5819268389,0.0,0.2848701894,0.0,0.6991280194,0.0,0.7133130616
150,glass,MCAR(0.2),ice,0.1499586411,0.3219422453,0.0,0.0,0.552055502,0.9771445599,0.102,1.29,1.12289332,0.0,0.4880246307,1.16,0.0,0.465609443,0.0,0.2797116828,0.0,0.5783013916,0.0,0.6284760055
151,glass,MCAR(0.2),OT,0.06441983809,0.09580227774,0.0,0.0,0.1659773544,0.6588950332,0.00691,0.173,0.1568656552,0.0,0.5563447711,427.0,0.0,0.5883340666,0.0,0.3123057449,0.0,0.6743288515,0.0,0.6504104215
152,glass,MCAR(0.2),softimpute,0.1851621878,0.1851621878,0.0,0.0,0.3226758569,0.8053917167,9.89e-35,7.08e-17,0.0,0.0,0.5652310377,2.090054194,0.0,0.5679070661,0.0,0.3060471017,0.0,0.6903205418,0.0,0.6966494411
153,glass,MCAR(0.2),GAIN,0.088616812,0.09012284982,0.0,0.0,0.1568707889,0.6658967599,3.41e-06,0.00646,0.005978105253,0.0,0.5568191791,14.09122276,0.0,0.6051364696,0.0,0.1925388754,0.0,0.7089581874,0.0,0.7206431837
154,ecoli,MCAR(0.2),oracle,0.0,0.0,0.0,0.0,0.0,0.4013585467,4.84e-34,1.35e-16,0.0,0.0,0.7322560453,4.85e-06,0.0,0.8429672979,0.0,0.458974669,0.0,0.8269753021,0.0,0.8001069122
155,ecoli,MCAR(0.2),KNN(n_neighbors=1),0.1025427095,0.1025427095,0.0,0.0,0.1314005068,0.4166758545,4.9099999999999994e-34,1.37e-16,0.0,0.0,0.7178671479,0.00683705012,0.0,0.8367923402,0.0,0.4915734522,0.0,0.7972436982,0.0,0.7458591011
156,ecoli,MCAR(0.2),MissForest,0.06418846223,0.07557486515,0.0,0.0,0.1026682873,0.4016833087,0.000311,0.0488,0.0446,0.0,0.6562859708,23.80286749,0.0,0.7373525684,0.0,0.4128748355,0.0,0.7580480383,0.0,0.7168684409
157,ecoli,MCAR(0.2),miceforest,0.05570296766,0.09712357884,0.0,0.0,0.1277304217,0.4131001501,0.004670181498,0.1973844737,0.179,0.0,0.6557966992,26.09344975,0.0,0.7816496749,0.0,0.3766969947,0.0,0.7459351082,0.0,0.7189050189
158,ecoli,MCAR(0.2),ice,0.0664465176,0.149498039,0.0,0.0,0.195352047,0.4709680917,0.0197,0.517,0.4753796315,0.0,0.6914167836,0.8986795743,0.0,0.8210652904,0.0,0.4303294068,0.0,0.7730925844,0.0,0.7411798529
159,ecoli,MCAR(0.2),OT,0.06279119824,0.0955946148,0.0,0.0,0.1270123667,0.4218336217,0.00248,0.153,0.1399682557,0.0,0.675,406.337968,0.0,0.7467218483,0.0,0.4217645839,0.0,0.7835264497,0.0,0.7490161675
160,ecoli,MCAR(0.2),softimpute,0.09854277163,0.09854277163,0.0,0.0,0.135317701,0.4257095742,1.47e-34,1.2e-16,0.0,0.0,0.6460630065,2.12,0.0,0.7654576206,0.0,0.3967520396,0.0,0.7508172861,0.0,0.6712250795
161,ecoli,MCAR(0.2),GAIN,0.1169290658,0.1186205073,0.0,0.0,0.162015487,0.4460215126,4.06e-06,0.00678,0.006281046939,0.0,0.6650068323,12.1,0.0,0.7615143842,0.0,0.3492701047,0.0,0.7858962439,0.0,0.7633465962
162,yeast,MCAR(0.2),oracle,0.0,0.0,0.0,0.0,0.0,0.3176505118,2.4999999999999997e-34,1.34e-16,0.0,0.0,0.5159895897,5.01e-06,0.0,0.5386445957,0.0,0.4064941104,0.0,0.5586396039,0.0,0.5601800486
163,yeast,MCAR(0.2),KNN(n_neighbors=1),0.08345045286,0.08345045286,0.0,0.0,0.1189103557,0.3287315814,3.38e-34,1.38e-16,0.0,0.0,0.4521014693,0.06410423915,0.0,0.5275296746,0.0,0.3401716219,0.0,0.4722882028,0.0,0.4684163779
164,yeast,MCAR(0.2),MissForest,0.05268680763,0.06302593709,0.0,0.0,0.09864960725,0.3173504341,0.0002622154661,0.04661908841,0.04265532771,0.0,0.4617906403,39.85651374,0.0,0.5218199484,0.0,0.3282926926,0.0,0.4781483884,0.0,0.5189015319
165,yeast,MCAR(0.2),miceforest,0.03947276262,0.0754695151,0.0,0.0,0.1113651078,0.3203977748,0.003941956704,0.2001589472,0.182831737,0.0,0.4365429824,32.1274302,0.0,0.5354951786,0.0,0.2634246053,0.0,0.4673286132,0.0,0.4799235325
166,yeast,MCAR(0.2),ice,0.05128862241,0.1115143473,0.0,0.0,0.1619656998,0.3603148575,0.01040737819,0.385,0.3546720305,0.0,0.4403767126,1.305329641,0.0,0.5406570389,0.0,0.2559434352,0.0,0.4532542827,0.0,0.5116520937
167,yeast,MCAR(0.2),OT,0.04386455181,0.07723244902,0.0,0.0,0.1155350576,0.3261186165,0.00273,0.1747936559,0.1582104666,0.0,0.4759965408,512.1384935,0.0,0.5451842677,0.0,0.3500905473,0.0,0.4768927293,0.0,0.5318186188
168,yeast,MCAR(0.2),softimpute,0.08109837916,0.08109837916,0.0,0.0,0.1294412542,0.3380590184,1.8999999999999998e-34,1.28e-16,0.0,0.0,0.4604899716,7.477202257,0.0,0.5191246439,0.0,0.3524903273,0.0,0.496936717,0.0,0.473408198
169,yeast,MCAR(0.2),GAIN,0.07448639166,0.07604360635,0.0,0.0,0.1207251792,0.3286584511,3.8e-06,0.00651,0.006028369649,0.0,0.457,13.75710233,0.0,0.5356761165,0.0,0.3317788476,0.0,0.4713821626,0.0,0.4874063391
170,libras,MCAR(0.2),oracle,0.0,0.0,0.0,0.0,0.0,8.906211955,6.479999999999999e-34,1.95e-16,0.0,0.0,0.588410903,5.48e-06,0.0,0.7145750546,0.0,0.07820754173,0.0,0.8112754159,0.0,0.7495855996
171,libras,MCAR(0.2),KNN(n_neighbors=1),0.06165602502,0.06165602502,0.0,0.0,1.112213759,9.041138703,6.6e-34,1.96e-16,0.0,0.0,0.5589171207,0.0396,0.0,0.6932275132,0.0,0.0473273671,0.0,0.7821369495,0.0,0.712976653
172,libras,MCAR(0.2),MissForest,0.01369958479,0.01516153252,0.0,0.0,0.2735496577,8.887477341,3.11e-05,0.0159,0.0145296032,0.0,0.5860134527,1263.066631,0.0,0.718965331,0.0,0.08205323836,0.0,0.8055874052,0.0,0.7374478361
173,libras,MCAR(0.2),miceforest,0.01451597481,0.01773734462,0.0,0.0,0.3200038342,8.893332872,0.000181,0.0466,0.04154934046,0.0,0.5764131301,312.0924911,0.0,0.700342571,0.0,0.05354226997,0.0,0.809822686,0.0,0.7419449933
174,libras,MCAR(0.2),ice,0.007785911281,0.009905953015,0.0,0.0,0.1787184932,8.912335214,8.18e-05,0.03221011039,0.02989692776,0.0,0.5833273895,57.97427281,0.0,0.7235198121,0.0,0.06682708403,0.0,0.8066841504,0.0,0.7362785116
175,libras,MCAR(0.2),OT,0.08417767088,0.09950568947,0.0,0.0,1.795192354,9.209110343,0.0009050466486,0.1180611251,0.1095812153,0.0,0.5506187022,500.6890175,0.0,0.7098221466,0.0,0.0380743195,0.0,0.7777692875,0.0,0.6768090551
176,libras,MCAR(0.2),softimpute,0.06173403593,0.06173403593,0.0,0.0,0.8218907007,9.242171331,5.08e-34,1.91e-16,0.0,0.0,0.5653059023,84.85960666,0.0,0.686042846,0.0,0.05458636982,0.0,0.8063927924,0.0,0.7142016009
177,libras,MCAR(0.2),GAIN,0.04423318419,0.0444625541,0.0,0.0,0.8002841922,9.174080655,4.47e-07,0.002477735469,0.002302114087,0.0,0.5768558328,41.8196609,0.0,0.7204049037,0.0,0.05432671927,0.0,0.8018638201,0.0,0.7308278882
178,planning_relax,MCAR(0.2),oracle,0.0,0.0,0.0,0.0,0.0,1.444708645,5.19e-34,1.78e-16,0.0,0.0,0.4314188016,6.28e-06,0.0,0.3994260604,0.0,0.3970594979,0.0,0.448442713,0.0,0.4807469349
179,planning_relax,MCAR(0.2),KNN(n_neighbors=1),0.1395167141,0.1395167141,0.0,0.0,0.3262920968,1.501606359,4.22e-34,1.75e-16,0.0,0.0,0.456,0.008369922638,0.0,0.4031222807,0.0,0.5133829778,0.0,0.448750676,0.0,0.4582865115
180,planning_relax,MCAR(0.2),MissForest,0.06236072387,0.07192170963,0.0,0.0,0.1685588036,1.428177143,0.000263,0.047,0.0426,0.0,0.4621236154,90.1,0.0,0.433575575,0.0,0.4671082751,0.0,0.4579132967,0.0,0.489897315
181,planning_relax,MCAR(0.2),miceforest,0.04978730844,0.08068526099,0.0,0.0,0.1891204,1.439373529,0.00295,0.177,0.16096732,0.0,0.4548670811,17.1,0.0,0.4180672582,0.0,0.4649815152,0.0,0.4549786237,0.0,0.4814409272
182,planning_relax,MCAR(0.2),ice,0.03173456331,0.06272200077,0.0,0.0,0.1467433439,1.449971317,0.00393,0.186,0.1736089371,0.0,0.4775933976,2.334850788,0.0,0.4359611563,0.0,0.5108125196,0.0,0.456061046,0.0,0.5075388687
183,planning_relax,MCAR(0.2),OT,0.08225019004,0.1012939975,0.0,0.0,0.2374828773,1.436219101,0.00125,0.105,0.0963,0.0,0.456835139,639.4485626,0.0,0.4285729564,0.0,0.4489568845,0.0,0.4642498642,0.0,0.4855608509
184,planning_relax,MCAR(0.2),softimpute,0.05842388367,0.05842388367,0.0,0.0,0.1369019743,1.417406107,4.31e-34,1.76e-16,0.0,0.0,0.4700098388,5.109567245,0.0,0.4275969628,0.0,0.5396150976,0.0,0.4534549434,0.0,0.4593723515
185,planning_relax,MCAR(0.2),GAIN,0.0911378482,0.09275393682,0.0,0.0,0.2174688681,1.43659938,3.78e-06,0.007369778777,0.00683,0.0,0.4836080612,21.57692854,0.0,0.430966726,0.0,0.4878435582,0.0,0.4544591142,0.0,0.5611628464
186,blood_transfusion,MCAR(0.2),oracle,0.0,0.0,0.0,0.0,0.0,0.1082559128,1.7999999999999998e-34,8.35e-17,0.0,0.0,0.6011942398,6.44e-06,0.0,0.5654270943,0.0,0.6518887858,0.0,0.5935972385,0.0,0.5938638405
187,blood_transfusion,MCAR(0.2),KNN(n_neighbors=1),0.1183399128,0.1183399128,0.0,0.0,0.06680874454,0.1314513658,1.19e-34,8.38e-17,0.0,0.0,0.5798212613,0.01491371791,0.0,0.5554850547,0.0,0.5567876952,0.0,0.6107785828,0.0,0.5962337126
188,blood_transfusion,MCAR(0.2),MissForest,0.04385028249,0.05343478721,0.0,0.0,0.03037807072,0.111072608,0.000458,0.0407,0.03654517331,0.0,0.6083050583,26.20872712,0.0,0.561233529,0.0,0.6483238472,0.0,0.6047309035,0.0,0.6189319535
189,blood_transfusion,MCAR(0.2),miceforest,0.02730019858,0.06549039412,0.0,0.0,0.02978616152,0.1122248377,0.00525,0.185,0.1654649137,0.0,0.597,6.551224788,0.0,0.555355664,0.0,0.6379566559,0.0,0.5898506321,0.0,0.6043063836
190,blood_transfusion,MCAR(0.2),ice,0.0295733784,0.08209670985,0.0,0.0,0.03960246861,0.1161966048,0.00784,0.251,0.2324696129,0.0,0.5841980134,0.889,0.0,0.5487275475,0.0,0.6155414072,0.0,0.5838392293,0.0,0.5886838698
191,blood_transfusion,MCAR(0.2),OT,0.1054146248,0.1116437075,0.0,0.0,0.08727372293,0.1437620159,5.31e-05,0.0248,0.02026385799,0.0,0.5985847778,112.0,0.0,0.5733179702,0.0,0.6210712384,0.0,0.594486586,0.0,0.6054633168
192,blood_transfusion,MCAR(0.2),softimpute,0.1154256442,0.1154256442,0.0,0.0,0.08632776895,0.1480702417,7.930000000000001e-35,7.48e-17,0.0,0.0,0.5861589003,4.282574574,0.0,0.5408977987,0.0,0.5974552736,0.0,0.5969590946,0.0,0.6093234344
193,blood_transfusion,MCAR(0.2),GAIN,0.1060106522,0.1077539656,0.0,0.0,0.07485998879,0.1374810814,3.71e-06,0.00638,0.005892794601,0.0,0.5849345264,19.07042861,0.0,0.5807155408,0.0,0.6280866312,0.0,0.5579540224,0.0,0.5729819113
194,breast_cancer_diagnostic,MCAR(0.2),oracle,0.0,0.0,0.0,0.0,0.0,1.852712409,1.59e-34,8.5e-17,0.0,0.0,0.9613779549,6.6e-06,0.0,0.9653953526,0.0,0.9557957103,0.0,0.9559334667,0.0,0.9683872901
195,breast_cancer_diagnostic,MCAR(0.2),KNN(n_neighbors=1),0.06308321249,0.06308321249,0.0,0.0,0.3782659654,1.884708491,1.4399999999999999e-34,8.41e-17,0.0,0.0,0.952853564,0.03406977654,0.0,0.9558232878,0.0,0.9496625152,0.0,0.9529741333,0.0,0.9529543195
196,breast_cancer_diagnostic,MCAR(0.2),MissForest,0.03291429606,0.0363974611,0.0,0.0,0.2182403536,1.822308945,7.7e-05,0.0228,0.02093665723,0.0,0.958772462,220.5510279,0.0,0.9616611751,0.0,0.9594839668,0.0,0.9586146683,0.0,0.9553300379
197,breast_cancer_diagnostic,MCAR(0.2),miceforest,0.0294476592,0.03979132973,0.0,0.0,0.2385946722,1.832439773,0.000711,0.08001322195,0.07319476914,0.0,0.9576051027,82.5086925,0.0,0.9634966652,0.0,0.9508561714,0.0,0.9594342133,0.0,0.9566333611
198,breast_cancer_diagnostic,MCAR(0.2),ice,0.0433060625,0.06913528436,0.0,0.0,0.4144625212,1.964158491,0.00612,0.273,0.2525237079,0.0,0.9581910759,9.260042111,0.0,0.9640344532,0.0,0.9518963143,0.0,0.95971559,0.0,0.9571179461
199,breast_cancer_diagnostic,MCAR(0.2),OT,0.1360621603,0.2074214751,0.0,0.0,1.243569183,2.625978989,0.0444,0.666,0.5930317555,0.0,0.952,115.4511105,0.0,0.9579080281,0.0,0.9490317252,0.0,0.9509945735,0.0,0.9489963247
200,breast_cancer_diagnostic,MCAR(0.2),softimpute,0.1264488206,0.1264488206,0.0,0.0,0.7525724672,2.17513828,1.28e-34,8.1e-17,0.0,0.0,0.9416485485,24.1,0.0,0.9436877382,0.0,0.9380883277,0.0,0.9470287356,0.0,0.9377893923
201,breast_cancer_diagnostic,MCAR(0.2),GAIN,0.04826754781,0.04899219361,0.0,0.0,0.293618523,1.853140148,1.72e-06,0.00475,0.00439625613,0.0,0.9539906781,25.9,0.0,0.9557421125,0.0,0.9510611927,0.0,0.9581595043,0.0,0.950999903
202,connectionist_bench_vowel,MCAR(0.2),oracle,0.0,0.0,0.0,0.0,0.0,0.6725393433,4.04e-34,1.43e-16,0.0,0.0,0.6500737378,6.68e-06,0.0,0.6716818249,0.0,0.0767009015,0.0,0.9569156874,0.0,0.8949965374
203,connectionist_bench_vowel,MCAR(0.2),KNN(n_neighbors=1),0.05614366432,0.05614366432,0.0,0.0,0.1130821806,0.6992392557,4.239999999999999e-34,1.44e-16,0.0,0.0,0.6452601308,0.03114183744,0.0,0.6762817026,0.0,0.09423948215,0.0,0.9347378052,0.0,0.8757815333
204,connectionist_bench_vowel,MCAR(0.2),MissForest,0.05939141352,0.07012272181,0.0,0.0,0.1417300391,0.6916894962,0.0002423558139,0.0501,0.04627663517,0.0,0.6535626924,91.35133497,0.0,0.6696416919,0.0,0.1313061617,0.0,0.9304168028,0.0,0.8828861132
205,connectionist_bench_vowel,MCAR(0.2),miceforest,0.05492361749,0.09154089418,0.0,0.0,0.1850022521,0.7149963338,0.003268526069,0.2149359556,0.198275005,0.0,0.6643261517,29.13606977,0.0,0.6614563292,0.0,0.1951707849,0.0,0.9246656978,0.0,0.8760117947
206,connectionist_bench_vowel,MCAR(0.2),ice,0.08164201098,0.1559030927,0.0,0.0,0.3146899639,0.7936337666,0.01557265492,0.492,0.4577279404,0.0,0.6674925853,2.179261843,0.0,0.6293326141,0.0,0.254314682,0.0,0.9104158952,0.0,0.87590715
207,connectionist_bench_vowel,MCAR(0.2),OT,0.06886244492,0.08289963387,0.0,0.0,0.1675752251,0.6990146045,0.0003023692256,0.06688786225,0.06212695065,0.0,0.6535464335,523.6496702,0.0,0.6650598653,0.0,0.1291949632,0.0,0.9331205372,0.0,0.8868103683
208,connectionist_bench_vowel,MCAR(0.2),softimpute,0.1337466269,0.1337466269,0.0,0.0,0.2703565063,0.7656055661,5.01e-34,1.55e-16,0.0,0.0,0.6520585733,10.82220014,0.0,0.6089756757,0.0,0.2389351268,0.0,0.9073469674,0.0,0.8529765232
209,connectionist_bench_vowel,MCAR(0.2),GAIN,0.1327436053,0.1345549294,0.0,0.0,0.2715901114,0.7622209596,4.67e-06,0.00865,0.00800573443,0.0,0.636,22.01860054,0.0,0.6004069017,0.0,0.2004457353,0.0,0.8939402372,0.0,0.8503436146
210,concrete_slump,MCAR(0.2),oracle,0.0,0.0,1.19e-15,1.0,0.0,1.100286331,3.58e-34,1.49e-16,0.0,0.8254924131,0.0,6.2e-06,0.8461201115,0.0,0.8023021994,0.0,0.8057604675,0.0,0.8477868741,0.0
211,concrete_slump,MCAR(0.2),KNN(n_neighbors=1),0.1648781486,0.1648781486,77.0,0.2083333333,0.2178019889,1.128763598,5.83e-34,1.61e-16,0.0,0.7885825976,0.0,0.00677,0.8052302475,0.0,0.7892593527,0.0,0.7720320559,0.0,0.7878087343,0.0
212,concrete_slump,MCAR(0.2),MissForest,0.1356299389,0.1578616479,53.8612733,0.9,0.2083361544,1.144685161,0.000776,0.0954,0.08769929596,0.7817883984,0.0,43.49156443,0.8107956095,0.0,0.7758799037,0.0,0.784919278,0.0,0.7555588025,0.0
213,concrete_slump,MCAR(0.2),miceforest,0.09729218247,0.160882974,62.09624702,0.65,0.2120067093,1.138944805,0.00766,0.312,0.2811824645,0.785358168,0.0,5.750984748,0.805804881,0.0,0.7750946473,0.0,0.7866927221,0.0,0.7738404217,0.0
214,concrete_slump,MCAR(0.2),ice,0.145756119,0.3319869622,50.69891901,0.5083333333,0.4354137158,1.245042025,0.09583722779,1.287555574,1.153911196,0.6568299429,0.0,1.571951151,0.6729364425,0.0,0.6497490411,0.0,0.7049481524,0.0,0.5996861353,0.0
215,concrete_slump,MCAR(0.2),OT,0.2238291428,0.2300908312,62.67319706,0.9166666667,0.30366295,1.187046317,7.34e-05,0.02261192134,0.02106832971,0.7166346447,0.0,110.4044874,0.7592605273,0.0,0.6795313364,0.0,0.7432298301,0.0,0.6845168851,0.0
216,concrete_slump,MCAR(0.2),softimpute,0.282674485,0.282674485,80.96349547,0.375,0.3731874065,1.247916964,1.1699999999999999e-34,1.43e-16,0.0,0.668920099,0.0,2.766577085,0.705205088,0.0,0.6854777011,0.0,0.7057393805,0.0,0.5792582264,0.0
217,concrete_slump,MCAR(0.2),GAIN,0.1652598234,0.1673163449,83.40017294,0.4166666667,0.2200698177,1.149403594,4.76e-06,0.00839,0.007771503892,0.7607321476,0.0,20.04735057,0.7875492497,0.0,0.7620474557,0.0,0.7414291149,0.0,0.7519027699,0.0
218,wine_quality_red,MCAR(0.2),oracle,0.0,0.0,8.96e-16,1.0,0.0,0.5043086342,9.83e-35,5.82e-17,0.0,0.3475731869,0.0,6.2e-06,0.3220754354,0.0,0.3179794107,0.0,0.4248786184,0.0,0.3253592829,0.0
219,wine_quality_red,MCAR(0.2),KNN(n_neighbors=1),0.07713097938,0.07713097938,114.655852,0.8181818182,0.1514939748,0.5313952853,9.26e-35,5.82e-17,0.0,0.3077423478,0.0,0.07274738948,0.3170710074,0.0,0.2822180152,0.0,0.3748832246,0.0,0.2567971438,0.0
220,wine_quality_red,MCAR(0.2),MissForest,0.05308742545,0.06235987291,80.2,0.9272727273,0.1240474429,0.5053801069,0.000225,0.0423,0.0386729484,0.3119667874,0.0,104.0,0.3158809428,0.0,0.2867741501,0.0,0.3842900612,0.0,0.2609219953,0.0
221,wine_quality_red,MCAR(0.2),miceforest,0.0425618131,0.07652594603,60.2,1.0,0.1510921754,0.5152330662,0.00301,0.195,0.1794282231,0.3127571858,0.0,23.0,0.31782338,0.0,0.2876000211,0.0,0.3778154403,0.0,0.2677899017,0.0
222,wine_quality_red,MCAR(0.2),ice,0.0746064423,0.1500850872,118.2048521,0.5757575758,0.2915047419,0.6102172939,0.023,0.569,0.5229726673,0.3148239378,0.0,3.072061618,0.3153883641,0.0,0.2878043695,0.0,0.3718973893,0.0,0.2842056283,0.0
223,wine_quality_red,MCAR(0.2),OT,0.09850051552,0.1468531951,64.42755206,0.8303030303,0.2914266599,0.6230954964,0.0214,0.376,0.3306808698,0.2990505005,0.0,369.6455954,0.3138050008,0.0,0.2992640939,0.0,0.3545814725,0.0,0.228551435,0.0
224,wine_quality_red,MCAR(0.2),softimpute,0.1679503267,0.1679503267,106.493784,0.6060606061,0.3342982267,0.6701609952,7.36e-35,5.73e-17,0.0,0.2935006254,0.0,15.57378078,0.2940498689,0.0,0.2543332158,0.0,0.3518897805,0.0,0.2737296364,0.0
225,wine_quality_red,MCAR(0.2),GAIN,0.08495302144,0.08635530215,102.7387537,0.8181818182,0.1723020548,0.5284912485,2.91e-06,0.006503640246,0.006018705071,0.2821864825,0.0,22.00708127,0.3023821742,0.0,0.263088644,0.0,0.350163429,0.0,0.213111683,0.0
226,wine_quality_white,MCAR(0.2),oracle,0.0,0.0,1.79e-15,1.0,0.0,0.4338781008,1.24e-34,6.55e-17,0.0,0.3677915875,0.0,6.28e-06,0.2622624323,0.0,0.2939442049,0.0,0.4878961919,0.0,0.4270635209,0.0
227,wine_quality_white,MCAR(0.2),KNN(n_neighbors=1),0.06430499021,0.06430499021,124.6874923,0.3611111111,0.1385408144,0.4602463438,1.12e-34,6.47e-17,0.0,0.3391997316,0.0,0.8428169886,0.267562633,0.0,0.2911934096,0.0,0.4306919473,0.0,0.3673509365,0.0
228,wine_quality_white,MCAR(0.2),MissForest,0.04365247236,0.05093598954,155.3070411,0.5777777778,0.1121857012,0.4381479835,0.000137,0.0346,0.03171611249,0.3332856526,0.0,204.798863,0.2646480095,0.0,0.2733817824,0.0,0.4350531802,0.0,0.3600596383,0.0
229,wine_quality_white,MCAR(0.2),miceforest,0.0386741593,0.07163205793,145.8211185,0.45,0.1560189694,0.4556730982,0.00343,0.206,0.1896604017,0.3300462923,0.0,32.25279888,0.2678400574,0.0,0.2613440614,0.0,0.4278654414,0.0,0.3631356092,0.0
230,wine_quality_white,MCAR(0.2),ice,0.08819633683,0.1796519349,145.0770052,0.3111111111,0.385419279,0.6332707309,0.0406,0.726,0.6527792861,0.3025057956,0.0,4.3,0.2033753275,0.0,0.2341297437,0.0,0.4065282742,0.0,0.365989837,0.0
231,wine_quality_white,MCAR(0.2),OT,0.09039410524,0.1516742965,196.2045959,0.2,0.331840599,0.5960639501,0.025,0.449,0.3964227065,0.3178199755,0.0,319.0,0.2545958293,0.0,0.2452575598,0.0,0.4141220473,0.0,0.3573044656,0.0
232,wine_quality_white,MCAR(0.2),softimpute,0.1706409995,0.1706409995,279.8623831,0.1944444444,0.3766116962,0.6395683672,1.0599999999999999e-34,6.34e-17,0.0,0.309523583,0.0,49.75177479,0.2210795644,0.0,0.2327694183,0.0,0.4184116626,0.0,0.3658336868,0.0
233,wine_quality_white,MCAR(0.2),GAIN,0.07570471625,0.07707284378,136.298088,0.4722222222,0.1709392079,0.4659648124,3.08e-06,0.00657,0.00607286762,0.330141792,0.0,21.46904031,0.2630629296,0.0,0.263307642,0.0,0.4352545656,0.0,0.3589420308,0.0
234,tictactoe,MCAR(0.2),oracle,0.0,0.0,0.0,0.0,0.0,2.033511155,0.0,0.0,0.0,0.0,0.8996244339,6.91e-06,0.0,0.9787439883,0.0,0.7195647636,0.0,0.9097889033,0.0,0.9904000804
235,tictactoe,MCAR(0.2),KNN(n_neighbors=1),0.5995466918,0.5995466918,0.0,0.0,0.9216185785,1.975024191,0.0,0.0,0.0,0.0,0.7743488935,0.03198750814,0.0,0.6841161492,0.0,0.6650217871,0.0,0.8504869502,0.0,0.8977706874
236,tictactoe,MCAR(0.2),MissForest,0.4398081451,0.5510487806,0.0,0.0,0.9026604377,1.958368819,0.01328016538,0.797,0.5991263225,0.0,0.7922294767,91.3960162,0.0,0.7306363823,0.0,0.6775532629,0.0,0.8521797521,0.0,0.9085485095
237,tictactoe,MCAR(0.2),miceforest,0.3198117095,0.5224398914,0.0,0.0,0.8428215092,1.936403802,0.02376907138,1.426144283,1.104251123,0.0,0.7981278299,60.67532714,0.0,0.7431238621,0.0,0.6820834668,0.0,0.8585326483,0.0,0.9087713425
238,tictactoe,MCAR(0.2),ice,0.286816895,0.6395644143,0.0,0.0,0.98854842,2.036317783,0.0414,2.48,2.02138894,0.0,0.7297766119,1.825261672,0.0,0.6708577865,0.0,0.6648500082,0.0,0.7656442888,0.0,0.817754364
239,tictactoe,MCAR(0.2),OT,0.4044140948,0.538,0.0,0.0,0.866745395,1.968494129,0.0145,0.872,0.6489383872,0.0,0.754,471.7092677,0.0,0.6764742646,0.0,0.6626011656,0.0,0.8227737534,0.0,0.8542690808
240,tictactoe,MCAR(0.2),softimpute,0.6042755292,0.6042755292,0.0,0.0,1.02041206,2.073110883,0.0,0.0,0.0,0.0,0.7315047122,8.852000793,0.0,0.6674797757,0.0,0.6604024654,0.0,0.7736229663,0.0,0.8245136413
241,tictactoe,MCAR(0.2),GAIN,0.5983298853,0.6032781792,0.0,0.0,1.024075418,2.051167847,0.0005771316944,0.0346,0.02595631174,0.0,0.72968831,21.62248429,0.0,0.672381129,0.0,0.6493076073,0.0,0.7825584095,0.0,0.814506094
242,congress,MCAR(0.2),oracle,0.0,0.0,0.0,0.0,0.0,2.399776232,0.0,0.0,0.0,0.0,0.9466191907,6.36e-06,0.0,0.9278383913,0.0,0.95171629,0.0,0.9510797494,0.0,0.955842332
243,congress,MCAR(0.2),KNN(n_neighbors=1),0.297561544,0.297561544,0.0,0.0,0.8932948717,2.476891511,0.0,0.0,0.0,0.0,0.9470346744,0.01706409454,0.0,0.9396191196,0.0,0.9678095198,0.0,0.9449559973,0.0,0.9357540608
244,congress,MCAR(0.2),MissForest,0.221549331,0.2825272587,0.0,0.0,0.8777588829,2.439107663,0.006260411142,0.3756246685,0.278506029,0.0,0.944620063,128.0333378,0.0,0.9310817542,0.0,0.9518243655,0.0,0.9467764734,0.0,0.948797659
245,congress,MCAR(0.2),miceforest,0.1691908431,0.2941280845,0.0,0.0,0.8822314802,2.421703151,0.01276312996,0.7657877975,0.5718117717,0.0,0.9379821767,49.42406297,0.0,0.9159806814,0.0,0.9485784741,0.0,0.9427100312,0.0,0.94465952
246,congress,MCAR(0.2),ice,0.1792932216,0.4142836744,0.0,0.0,1.222987747,2.710560459,0.02945861844,1.77,1.362622491,0.0,0.9445151728,3.015396198,0.0,0.9463960021,0.0,0.9455379622,0.0,0.9393625072,0.0,0.9467642197
247,congress,MCAR(0.2),OT,0.220014625,0.2845033995,0.0,0.0,0.8554595432,2.409590449,0.005874202867,0.352,0.2582993675,0.0,0.9401749996,465.3484719,0.0,0.9278573324,0.0,0.9420880613,0.0,0.9469403717,0.0,0.9438142329
248,congress,MCAR(0.2),softimpute,0.3496762976,0.3496762976,0.0,0.0,1.108896002,2.587896502,0.0,0.0,0.0,0.0,0.935731023,9.033224503,0.0,0.9127393942,0.0,0.9559167025,0.0,0.9377102663,0.0,0.9365577293
249,congress,MCAR(0.2),GAIN,0.3521866126,0.362,0.0,0.0,1.09368047,2.577968208,0.000688405424,0.0413,0.03085950105,0.0,0.947,23.771305,0.0,0.9420354279,0.0,0.9559386793,0.0,0.9497918034,0.0,0.9409228971
250,car,MCAR(0.2),oracle,0.0,0.0,0.0,0.0,0.0,1.101833408,0.0,0.0,0.0,0.0,0.7444092371,5.96e-06,0.0,0.8649293999,0.0,0.5903696489,0.0,0.6097108019,0.0,0.9126270976
251,car,MCAR(0.2),KNN(n_neighbors=1),0.676417461,0.676417461,0.0,0.0,0.5119341417,1.07688936,0.0,0.0,0.0,0.0,0.6908170776,0.05852190653,0.0,0.7898432248,0.0,0.5425613635,0.0,0.6442654533,0.0,0.7865982686
252,car,MCAR(0.2),MissForest,0.5833549195,0.7064395354,0.0,0.0,0.6433609558,1.160241598,0.01370283639,0.9590481591,0.7290396136,0.0,0.7017646898,65.32679621,0.0,0.8321984485,0.0,0.5530579376,0.0,0.6089700054,0.0,0.8128323676
253,car,MCAR(0.2),miceforest,0.3448248763,0.6896075104,0.0,0.0,0.50678238,1.073193462,0.03532650543,2.472453745,2.019006608,0.0,0.6521713977,19.88291113,0.0,0.7489090141,0.0,0.5537857582,0.0,0.5869903665,0.0,0.719000452
254,car,MCAR(0.2),ice,0.3050823186,0.6868911122,0.0,0.0,0.4442312182,1.053850941,0.03825698871,2.677563274,2.212995414,0.0,0.6648280376,1.234414895,0.0,0.7663600821,0.0,0.6611199067,0.0,0.5584405106,0.0,0.673391651
255,car,MCAR(0.2),OT,0.4861968953,0.673364251,0.0,0.0,0.5668326486,1.110794398,0.01886384439,1.320320425,0.9994166767,0.0,0.7309481028,491.5209327,0.0,0.842899468,0.0,0.6799579522,0.0,0.6017322293,0.0,0.7992027617
256,car,MCAR(0.2),softimpute,0.6993525223,0.6993525223,0.0,0.0,0.6912462177,1.14395716,0.0,0.0,0.0,0.0,0.6630998464,10.3351717,0.0,0.7648119122,0.0,0.6603627958,0.0,0.540160334,0.0,0.6870643438
257,car,MCAR(0.2),GAIN,0.6759781344,0.6866209368,0.0,0.0,0.7210660218,1.126428207,0.001050936718,0.07361670743,0.05409994592,0.0,0.6608243166,22.10077031,0.0,0.7515224978,0.0,0.6249543727,0.0,0.5656256117,0.0,0.7011947842
258,california,MCAR(0.2),ice,0.0349853345,0.08819027398,36.5765789,0.2222222222,0.0,0.0,0.0130885915,0.314,0.291127775,0.6521616331,0.0,6.701618671,0.5887163172,0.0,0.4228808849,0.0,0.7915346348,0.0,0.8055146956,0.0
259,california,MCAR(0.2),OT,0.07721131478,0.093,75.45880371,0.1851851852,0.0,0.0,0.0004584444479,0.0611,0.05607326549,0.6256065322,0.0,125.790948,0.539726431,0.0,0.396628198,0.0,0.772334689,0.0,0.7937368108,0.0
260,california,MCAR(0.2),softimpute,0.1410082246,0.1410082246,90.02554716,0.1851851852,0.0,0.0,8.32e-35,7.2e-17,0.0,0.6267298857,0.0,145.3868548,0.5047511301,0.0,0.4299960112,0.0,0.776568346,0.0,0.7956040556,0.0
261,california,MCAR(0.2),GAIN,0.08834182686,0.08979683402,68.25502395,0.1851851852,0.0,0.0,3.43e-06,0.00575,0.005317132517,0.6403324354,0.0,23.15450621,0.5472380184,0.0,0.4426946693,0.0,0.7733842927,0.0,0.7980127612,0.0
262,bean,MCAR(0.2),oracle,0.0,0.0,0.0,0.0,0.0,0.0,4.13e-34,1.19e-16,0.0,0.0,0.7995593024,6.2e-06,0.0,0.8182021116,0.0,0.5081498776,0.0,0.9339874155,0.0,0.9378978047
263,bean,MCAR(0.2),KNN(n_neighbors=1),0.02437188987,0.02437159177,0.0,0.0,0.0,0.0,3.96e-34,1.18e-16,0.0,0.0,0.8046422989,10.23333748,0.0,0.7767861114,0.0,0.5728977003,0.0,0.9333511712,0.0,0.9355342126
264,bean,MCAR(0.2),MissForest,0.01109341882,0.01285122883,0.0,0.0,0.0,0.0,1.89e-05,0.006899104021,0.006360934742,0.0,0.8335131141,1161.34898,0.0,0.8391473075,0.0,0.6231486536,0.0,0.9347707833,0.0,0.9369857118
265,bean,MCAR(0.2),miceforest,0.008022776331,0.01842151676,0.0,0.0,0.0,0.0,0.0009930984082,0.05647073807,0.05198726522,0.0,0.8218789312,71.51956701,0.0,0.8298713848,0.0,0.5880432567,0.0,0.9333859698,0.0,0.9362151135
266,bean,MCAR(0.2),ice,0.03374642037,0.06506700906,0.0,0.0,0.0,0.0,0.007007319746,0.273,0.2524843541,0.0,0.7939697169,17.89114475,0.0,0.8083816605,0.0,0.5044452744,0.0,0.9292771214,0.0,0.9337748112
267,bean,MCAR(0.2),OT,0.1616420205,0.2621778968,0.0,0.0,0.0,0.0,0.07538739298,0.9112124633,0.7754428473,0.0,0.7278772262,109.6208738,0.0,0.6721738365,0.0,0.3780339657,0.0,0.9278068673,0.0,0.9334942354
268,bean,MCAR(0.2),softimpute,0.3259404632,0.3259404632,0.0,0.0,0.0,0.0,2.2e-34,1.09e-16,0.0,0.0,0.7186240712,182.6149727,0.0,0.7160905563,0.0,0.2946755282,0.0,0.9301458972,0.0,0.9335843031
269,bean,MCAR(0.2),GAIN,0.03019982803,0.0311,0.0,0.0,0.0,0.0,1.47e-06,0.00418,0.003874635208,0.0,0.757,24.03149907,0.0,0.7879438563,0.0,0.3721665136,0.0,0.9333242554,0.0,0.9351822694
0,iris,MCAR(0.2),utrees,0.0617113490029092,0.092867737549289,0.0,0.0,0.0698077920832266,0.2397118967709102,0.0030206573130502,0.1597879253466895,0.1365821229257637,0.0,0.9422763803480664,5.160777409871419,0.0,0.9866332497911444,0.0,0.8702625553914046,0.0,0.9634663088698175,0.0,0.9487434073398984
1,wine,MCAR(0.2),utrees,0.1013348177823864,0.1439122311329542,0.0,0.0,0.3895478278301316,1.4645430063143303,0.008630066798274,0.2829484754161229,0.2390810573558044,0.0,0.9387301795008196,46.97041702270508,0.0,0.9424267274641208,0.0,0.8394181522214272,0.0,0.9920429711070392,0.0,0.9810328672106904
2,parkinsons,MCAR(0.2),utrees,0.0522455177755285,0.076300511843978,0.0,0.0,0.3425923785306587,1.7516166306883203,0.004681727732015,0.1733497183806227,0.1484459811714742,0.0,0.8151910426840616,140.84079313278198,0.0,0.7497556842583829,0.0,0.8285637760247496,0.0,0.8434252258261432,0.0,0.8390194846269702
3,climate_model_crashes,MCAR(0.2),utrees,0.2531348295881842,0.3638849894911661,0.0,0.0,1.3125855770026345,3.9308358361374527,0.0582447838202902,0.9247016041837532,0.7911253027692842,0.0,0.6687687876893608,303.72695573170984,0.0,0.7815931202543376,0.0,0.715044914544767,0.0,0.485082313212326,0.0,0.6933548027460131
4,concrete_compression,MCAR(0.2),utrees,0.0322059471958946,0.0569586277113832,144.7204580042744,0.2148148148148148,0.0895609480321448,0.51587579790969,0.0039197280163505,0.1309224792467798,0.1097184797263915,0.7506571899571826,0.0,110.7270872592926,0.5635045538284041,0.0,0.7426887614177372,0.0,0.8593832855583278,0.0,0.8370521590242612,0.0
5,yacht_hydrodynamics,MCAR(0.2),utrees,0.0460077887400702,0.0801637231481877,130.04117264988247,0.8952380952380953,0.081948736570181,0.5212796431105499,0.0068106097560576,0.1694924996348322,0.1383754850608052,0.8959975452512271,0.0,12.31484071413676,0.6079608300788333,0.0,0.9850257618973024,0.0,0.995870603583432,0.0,0.9951329854453406,0.0
6,airfoil_self_noise,MCAR(0.2),utrees,0.0307019684680468,0.0714921752628329,4.426930062522432,1.0,0.0552762731930539,0.255348994194407,0.0087494171344429,0.2022525160734868,0.1726012568420425,0.7288531573629374,0.0,61.05456566810608,0.5081040017180197,0.0,0.6304988371229822,0.0,0.883136433947107,0.0,0.8936733566636403,0.0
7,connectionist_bench_sonar,MCAR(0.2),utrees,0.1171200236619957,0.1444141247706582,0.0,0.0,1.7433453859125134,8.675589836023347,0.0102921103725894,0.3107170616049304,0.2646020070218156,0.0,0.789587435581842,1221.737718900045,0.0,0.7365130837758166,0.0,0.7853301364692437,0.0,0.8107724273701802,0.0,0.8257340947121282
8,ionosphere,MCAR(0.2),utrees,0.0959831346047528,0.123988976687653,0.0,0.0,0.8212715075994221,4.452108646183872,0.0105325930790868,0.2260716176553534,0.1872299367967365,0.0,0.8971300518445046,544.0828011035919,0.0,0.8335572700966875,0.0,0.912945819294007,0.0,0.937803996414423,0.0,0.9042131215729008
9,qsar_biodegradation,MCAR(0.2),utrees,0.0185283426463797,0.0269465033925058,0.0,0.0,0.2214420835756542,1.3998370122598578,0.0012175729510766,0.0558586635583769,0.0471255987294427,0.0,0.8440079997743205,1700.7666370868685,0.0,0.8492198286276188,0.0,0.8287018939881141,0.0,0.8524921264445106,0.0,0.845618150037039
10,seeds,MCAR(0.2),utrees,0.061567376322343,0.0953283802366107,0.0,0.0,0.137278120152047,0.4818844341111245,0.00417471959766,0.1917272199536241,0.1660790123856493,0.0,0.8876327743360164,16.02963876724243,0.0,0.9392051110518542,0.0,0.7593816864030843,0.0,0.917707799905501,0.0,0.9342364999836262
11,glass,MCAR(0.2),utrees,0.0569089015054015,0.0801091713046274,0.0,0.0,0.1492819091458237,0.6556699224704824,0.0043816615725331,0.1302607772932201,0.1117727176060373,0.0,0.5480099780432925,26.026296854019165,0.0,0.584371607108248,0.0,0.3177680015479405,0.0,0.6578281866630086,0.0,0.6320721168539731
12,ecoli,MCAR(0.2),utrees,0.0562935804808922,0.0864547716967119,0.0,0.0,0.1192134869829354,0.4096222068800511,0.0041570913513025,0.1608139108009185,0.1380392173984947,0.0,0.7018928975330095,23.58275763193766,0.0,0.7876587322107141,0.0,0.438941456261841,0.0,0.799616636930169,0.0,0.7813547647293144
13,yeast,MCAR(0.2),utrees,0.0453509774432256,0.0737688040469456,0.0,0.0,0.1081283015535758,0.3194931237751359,0.0035031547260809,0.1568094959224052,0.1361969715938002,0.0,0.4573822425410245,135.45259356498718,0.0,0.5372650246353922,0.0,0.2443635276011315,0.0,0.5434300184509417,0.0,0.5044703994766325
14,libras,MCAR(0.2),utrees,0.0422749728389781,0.0523000550874846,0.0,0.0,0.9441110249540524,9.064625281197731,0.0023860579770897,0.1351752676790998,0.1178502485230357,0.0,0.57221071121062,5732.288067579269,0.0,0.7167657034323701,0.0,0.0543265981262331,0.0,0.8033840825840824,0.0,0.714366460699794
15,planning_relax,MCAR(0.2),utrees,0.0927466193309848,0.1418250948728298,0.0,0.0,0.3577914833040218,1.4829015968756003,0.0108636411298384,0.3320821399299291,0.2843774348922432,0.0,0.4535779561694237,39.74175707499186,0.0,0.4088472547488943,0.0,0.4809160683691389,0.0,0.4311217822489055,0.0,0.4934267193107565
16,blood_transfusion,MCAR(0.2),utrees,0.0403944375017131,0.0707194937583042,0.0,0.0,0.0353891109851724,0.113016667994019,0.0043691775806659,0.1525555189639942,0.1302797210761609,0.0,0.5891788320696434,20.77108828226725,0.0,0.551163926355941,0.0,0.6263315792365312,0.0,0.5861426479620243,0.0,0.5930771747240771
17,breast_cancer_diagnostic,MCAR(0.2),utrees,0.04347497878768,0.058187018827782,0.0,0.0,0.3496580812000495,1.869450193791497,0.0020290733719139,0.1224484024412564,0.1073291469007663,0.0,0.9563682040026952,790.5507067044575,0.0,0.9552594974942448,0.0,0.9559410899580288,0.0,0.9570062408277435,0.0,0.957265987730764
18,connectionist_bench_vowel,MCAR(0.2),utrees,0.0597695662184162,0.1038224991244076,0.0,0.0,0.207921193930412,0.737387697709447,0.0064103731265046,0.2662793209286048,0.2320615991149993,0.0,0.6628657357921165,162.6827143828074,0.0,0.6420072805560552,0.0,0.2291784483712911,0.0,0.9198757522587208,0.0,0.8604014619823989
19,concrete_slump,MCAR(0.2),utrees,0.1333650691343517,0.2116375849049004,78.37393727464351,0.7166666666666666,0.296686493798486,1.1753105280747134,0.0203539343446855,0.4173639468693386,0.3433281455096098,0.6495419122376092,0.0,8.064836661020914,0.7383579877825754,0.0,0.6537969299030401,0.0,0.6491909134165881,0.0,0.556821817848233,0.0
20,wine_quality_red,MCAR(0.2),utrees,0.0418454484281844,0.0721537184045824,22.31912314809874,0.993939393939394,0.1425483504131749,0.5198545898986846,0.0039521354124393,0.180181917976908,0.1569219778818125,0.2958073221033743,0.0,261.72702566782635,0.3173300368121892,0.0,0.2824533113037831,0.0,0.3492149836631822,0.0,0.2342309566343427,0.0
21,wine_quality_white,MCAR(0.2),utrees,0.0352785321816147,0.0636460103785815,71.46802560034284,0.5,0.1387912582631552,0.4537299873404477,0.0033708521907209,0.1781443095298026,0.1579492867725694,0.3395867744148463,0.0,1023.7504643599192,0.2695725771807734,0.0,0.2852400098346148,0.0,0.4343531008776669,0.0,0.3691814097663301,0.0
22,california,MCAR(0.2),utrees,0.0208573385025489,0.0522939525224105,33.24752259308236,0.4518518518518519,0.0,0.0,0.0052752188973925,0.1629463990472972,0.1442791493561823,0.6562729852476104,0.0,3039.960989236832,0.5865712054822544,0.0,0.4482862136463962,0.0,0.7846209767129884,0.0,0.8056135451488026,0.0
23,bean,MCAR(0.2),utrees,0.0133007770744743,0.0260659426432143,0.0,0.0,0.0,0.0,0.0015598047749835,0.0830797398860224,0.0753712390496832,0.0,0.7889339055492804,6546.674813985825,0.0,0.7696592871750925,0.0,0.5184820537374906,0.0,0.933031328293258,0.0,0.9345629529912808
24,tictactoe,MCAR(0.2),utrees,0.3302788913404004,0.5047493883573801,0.0,0.0,0.7706701479547405,1.923353640847097,0.0199249723554216,1.1954983413252993,0.9192553211800524,0.0,0.8260135515119187,24.65237236022949,0.0,0.7624842539646501,0.0,0.7088680436660513,0.0,0.900034114313759,0.0,0.932667794103214
25,congress,MCAR(0.2),utrees,0.1890438211894098,0.2666739760698372,0.0,0.0,0.7869731800766308,2.359770114942525,0.0071183682871686,0.4271020972301169,0.3176210020716755,0.0,0.9346015785483384,28.701904376347866,0.0,0.9191830259679294,0.0,0.9395054129002632,0.0,0.94375763726059,0.0,0.9359602380645712
26,car,MCAR(0.2),utrees,0.4573502583968972,0.6895113519508365,0.0,0.0,0.5051616015436621,1.0813146733811403,0.0260506436862224,1.8221719722572072,1.4401332127730782,0.0,0.8191771109071323,29.15845568974813,0.0,0.8504025594199145,0.0,0.7390913722188874,0.0,0.8187829437640975,0.0,0.8684315682256301
