iris,MCAR(0.2),utrees,0.06436957134970737,0.09820029507565886,0.0,0.0,0.07406719488532511,0.2432489111314778,0.0035090903348105984,0.16882548182880674,0.14711389375938483,0.0,0.9533635056734473,5.240656932195027,0.0,0.9888721804511277,0.0,0.901246399258095,0.0,0.9657031467557784,0.0,0.9576322962287873
wine,MCAR(0.2),utrees,0.10703117843764451,0.1500977475902249,0.0,0.0,0.40604224206690687,1.473187616004656,0.01009838423341393,0.2996230669137918,0.25479589314502804,0.0,0.9506248663768152,43.43113430341085,0.0,0.9471527074612197,0.0,0.8861589265469987,0.0,0.9910199172018928,0.0,0.9781679142971489
parkinsons,MCAR(0.2),utrees,0.05551321452108013,0.08524537540547424,0.0,0.0,0.38426840866581696,1.7739918499212077,0.0065856889843212835,0.19988221995294644,0.16980011273351714,0.0,0.824004272401742,132.9267556667328,0.0,0.745174148812501,0.0,0.849369991297509,0.0,0.8452874989174725,0.0,0.856185450579485
climate_model_crashes,MCAR(0.2),utrees,0.2445575415292093,0.3445494156494738,0.0,0.0,1.2426306605524053,3.8839612332455897,0.04650630572459653,0.814139369339031,0.7026100326117098,0.0,0.6776350950992771,275.9443356990814,0.0,0.8300706838056722,0.0,0.7040739514597695,0.0,0.4823199662304771,0.0,0.6940757789011901
concrete_compression,MCAR(0.2),utrees,0.03210828842755,0.056903224276065374,139.9718029014977,0.22962962962962963,0.08964405779202678,0.5147330608069801,0.0040364825986187736,0.1363458859714353,0.11504088872391835,0.7501702370745574,0.0,115.43401980400085,0.5628067782571478,0.0,0.7370457763261031,0.0,0.8608975679029993,0.0,0.8399308258119796,0.0
yacht_hydrodynamics,MCAR(0.2),utrees,0.047272415294858,0.09254175399891258,90.36945434969547,0.9809523809523808,0.09956587072417561,0.5353933813685045,0.007927911237284414,0.21188108168258518,0.18117387052298115,0.8961366668730334,0.0,14.487419525782265,0.6082034338573993,0.0,0.9851336619886606,0.0,0.9958894477927889,0.0,0.9953201238532842,0.0
airfoil_self_noise,MCAR(0.2),utrees,0.037140222355384125,0.083416395329536,4.063234761149441,1.0,0.06861066115715818,0.2632849337812995,0.00906505128438473,0.2407473071657216,0.21101632145252772,0.726789378235716,0.0,61.72480670611064,0.5073497692761099,0.0,0.6260807273477592,0.0,0.8835357178295489,0.0,0.8901912984894461,0.0
connectionist_bench_sonar,MCAR(0.2),utrees,0.12594510082585392,0.1575817200024125,0.0,0.0,1.9018403823025247,8.832364115331467,0.01524932730916776,0.36679856139287836,0.31067455387346066,0.0,0.7934502116490639,1217.6911363601685,0.0,0.7189555311397549,0.0,0.8081375928343585,0.0,0.8141292146446422,0.0,0.8325785079775009
ionosphere,MCAR(0.2),utrees,0.09313030024983923,0.12300146406326612,0.0,0.0,0.8143947765317358,4.441172261619947,0.011246970278524575,0.2295432671127555,0.18978076793547133,0.0,0.8963486608285675,542.9356789588928,0.0,0.8371620356469938,0.0,0.9124253626300302,0.0,0.9388813305587143,0.0,0.8969259144785321
qsar_biodegradation,MCAR(0.2),utrees,0.019527684473879602,0.027992824231103,0.0,0.0,0.23001487701993542,1.3982340329151852,0.001090018369507807,0.05588821862156047,0.04755009522818494,0.0,0.8446301860513109,1721.6118144194284,0.0,0.8467325146932341,0.0,0.8306542562137806,0.0,0.8528585746608389,0.0,0.8482753986373902
seeds,MCAR(0.2),utrees,0.0615945639620859,0.09729499079999612,0.0,0.0,0.14014201616568808,0.4889822967496476,0.004909057215034096,0.20851218941450503,0.18024954813653288,0.0,0.8759684438048736,16.49672166506449,0.0,0.9312245285578619,0.0,0.7145206838096979,0.0,0.9206997637526373,0.0,0.9374287990992972
glass,MCAR(0.2),utrees,0.056683279899008815,0.08418955377322465,0.0,0.0,0.15643328511219365,0.6629243709553694,0.005207425246596656,0.14701144249299913,0.12408580449687279,0.0,0.5400166896494403,27.309990644454956,0.0,0.5740018743324092,0.0,0.31148857904273825,0.0,0.6503503977514334,0.0,0.62422590747118
ecoli,MCAR(0.2),utrees,0.07824011385064211,0.13473034411769022,0.0,0.0,0.19019169962553592,0.479811891076667,0.007038748092204368,0.26565302594552415,0.2363700591455002,0.0,0.6791062196038589,21.325106700261433,0.0,0.8008041093956577,0.0,0.39762456661176226,0.0,0.8004187478580278,0.0,0.7175774545499879
yeast,MCAR(0.2),utrees,0.06941257417556176,0.12116565147613076,0.0,0.0,0.18620507065740766,0.3962720433056949,0.005375955083372073,0.2540420088841035,0.2300358190571259,0.0,0.4441336024074725,123.21836757659912,0.0,0.5279781488912345,0.0,0.24764316643869705,0.0,0.5049291325437661,0.0,0.4959839617561922
libras,MCAR(0.2),utrees,0.04337659174664109,0.054188700617526744,0.0,0.0,0.9781172408544512,9.087276475583508,0.002856839376379127,0.14195162056368987,0.12417461862538949,0.0,0.5668127539679112,5551.839271465938,0.0,0.707391694725028,0.0,0.046151433972063276,0.0,0.8003763298429966,0.0,0.7133315573315573
planning_relax,MCAR(0.2),utrees,0.10076780027173504,0.14972397424144582,0.0,0.0,0.37768020618544945,1.497770661672028,0.011499330547311781,0.3311062364520646,0.28206416197506373,0.0,0.45340396658398313,39.88673202196757,0.0,0.4101516792156664,0.0,0.498282297881215,0.0,0.4314105982187582,0.0,0.4737712910202928
blood_transfusion,MCAR(0.2),utrees,0.041859507915742486,0.07342162483104794,0.0,0.0,0.03713507439059031,0.1120434048586678,0.004067193066445469,0.15581042388651056,0.13510836072561155,0.0,0.5932689994790394,22.858375310897827,0.0,0.5587901528296861,0.0,0.6208276889233224,0.0,0.5952800168363233,0.0,0.5981781393268258
breast_cancer_diagnostic,MCAR(0.2),utrees,0.04528500136927905,0.059025866114478055,0.0,0.0,0.3547227648437304,1.8643734784330732,0.0016410376729804662,0.11556167150646471,0.10212184999736261,0.0,0.9585506174839166,749.6472186247507,0.0,0.9559701297680048,0.0,0.9570539836293582,0.0,0.9570414965792896,0.0,0.9641368599590135
connectionist_bench_vowel,MCAR(0.2),utrees,0.061398164895609314,0.1039307212244072,0.0,0.0,0.20811034421411279,0.7362538908543316,0.005596639823743729,0.2511663316487918,0.2201338332636656,0.0,0.6648635771081516,159.47676269213358,0.0,0.6416428022305954,0.0,0.2316282014085894,0.0,0.9161645012332263,0.0,0.8700188035601953
concrete_slump,MCAR(0.2),utrees,0.1333530760953803,0.2087869919401345,47.93493627427608,0.7416666666666666,0.2918570338779636,1.1616849899114061,0.020308189548916368,0.41754187877797,0.3449666588250957,0.6617184542749365,0.0,9.68403736750285,0.7671580550398038,0.0,0.6267470830753135,0.0,0.6622900928791725,0.0,0.590678586105456,0.0
wine_quality_red,MCAR(0.2),utrees,0.043987667301618495,0.07125263601096245,34.704274950328255,1.0,0.1413180725084123,0.517063871726785,0.00269422418878734,0.1602979380994121,0.14191509671282354,0.30131984599606504,0.0,237.22118894259137,0.31614333412554846,0.0,0.28376551757830254,0.0,0.36190006000046004,0.0,0.2434704722799491,0.0
wine_quality_white,MCAR(0.2),utrees,0.036103445695891,0.06268985046227243,84.75792080373398,0.5555555555555555,0.13722323358222618,0.4512826541091945,0.002325762946555635,0.1625876365418874,0.1462748590117181,0.33976933748992155,0.0,922.8720918496449,0.26866062995313283,0.0,0.2833327598765625,0.0,0.4323614905194416,0.0,0.3747224696105493,0.0
california,MCAR(0.2),utrees,0.02069658137403717,0.05039244339583727,26.527604512665064,0.5259259259259259,0.0,0.0,0.0044263438785602975,0.152781496744373,0.13628165960935112,0.6474823603570286,0.0,2793.5273619492846,0.5902896683351077,0.0,0.4149105745891897,0.0,0.7815453463555943,0.0,0.8031838521482231,0.0
bean,MCAR(0.2),utrees,0.014279476432662424,0.026375358712360665,0.0,0.0,0.0,0.0,0.0010325532628770013,0.08178814262320773,0.07467284322933423,0.0,0.785844029183105,6019.071438709895,0.0,0.7804254388322259,0.0,0.49402300709239133,0.0,0.9333896534836575,0.0,0.935538017324145
tictactoe,MCAR(0.2),utrees,0.3302788913404004,0.5047493883573801,0.0,0.0,0.7706701479547405,1.923353640847097,0.019924972355421657,1.1954983413252993,0.9192553211800524,0.0,0.8260940741613819,24.388316075007122,0.0,0.7628063445625028,0.0,0.7088680436660513,0.0,0.900034114313759,0.0,0.932667794103214
congress,MCAR(0.2),utrees,0.1890438211894098,0.2666739760698372,0.0,0.0,0.7869731800766308,2.359770114942525,0.007118368287168615,0.4271020972301169,0.3176210020716755,0.0,0.9343496695461981,28.509195009867355,0.0,0.9181753899593685,0.0,0.9395054129002633,0.0,0.9437576372605899,0.0,0.9359602380645711
car,MCAR(0.2),utrees,0.45735025839689725,0.6895113519508365,0.0,0.0,0.5051616015436621,1.0813146733811403,0.02605064368622248,1.8221719722572072,1.4401332127730782,0.0,0.819537784685739,29.95012299219767,0.0,0.8518452545343415,0.0,0.7390913722188874,0.0,0.8187829437640975,0.0,0.8684315682256301
